Mixture	B cells naive	B cells memory	Plasma cells	T cells CD8	T cells CD4 naive	T cells CD4 memory resting	T cells CD4 memory activated	T cells follicular helper	T cells regulatory (Tregs)	T cells gamma delta	NK cells resting	NK cells activated	Monocytes	Macrophages M0	Macrophages M1	Macrophages M2	Dendritic cells resting	Dendritic cells activated	Mast cells resting	Mast cells activated	Eosinophils	Neutrophils	P-value	Correlation	RMSE
EBOVAC.201106.release92.star.	0	0.0211970312555068	0.100816730809549	0.0453398609678318	0.157292139932499	0.0138076760433545	0.055088268273112	0	0	0.0543526505217133	0	0.0319225484205807	0.291888178699149	0.00745843234810337	0	0	0	0.0797419343162498	0.0314081093371759	0	0	0.109686439075175	0.024	0.283154640506596	0.973951692346582
EBOVAC.202118.release92.star.	0	0.0644818598168251	0.0798506791020479	0.0553789147068745	0.0821123622301694	0.0713807303727875	0.0673190610424562	0	0	0.0142801157715797	0	0.0485551468142845	0.3277076474868	0.0197483538540507	0	0	0	0.0606460946914784	0.016406669483911	0	0	0.0921323646267346	0.022	0.316681606826183	0.958529771014647
EBOVAC.203130.release92.star.	0	0.046524061269731	0.0547956090721735	0.062080659274607	0.129767262004108	0.0810641418284744	0.0970829456829005	0	0	0.00866630450470218	0	0.0489507328505333	0.300098694502337	0.0250066275550217	0	0	0	0.0379342419619224	0.0243972544854637	0	0	0.0836314650080252	0.038	0.237028227149633	0.99499849556881
EBOVAC.204142.release92.star.	0	0.0405094511134557	0.127110209131412	0.048448824608308	0.114429508934749	0.128420720398635	0.0558066659433501	0	0	0.00472311465767925	0	0.0778637748724729	0.219258891489265	0.00199523734950345	0	0	0.015122343419796	0.0174283418487548	0.0755327686154263	0	0	0.0733501476171932	0.022	0.322416151781582	0.952292632551995
EBOVAC.205154.release92.star.	0	0.0466630722264996	0.0265594198891241	0.0776146124274221	0.130893217925277	0.0853038641336295	0.0748246989037953	0	0	0	0	0.0424663527460272	0.333113715245178	0.0181399284274108	0	0	0	0.0511690807742583	0.0223683879368431	0	0	0.0908836493645351	0.022	0.322187680932982	0.957969924070175
EBOVAC.206166.release92.star.	0	0.0583476766749497	0.0811701969027673	0.0856658380458785	0.171922593250274	0.04721467923318	0.0906899886535882	0	0	0	0.0510400410434971	0	0.254251126718713	0.00754979043987735	0	0	0	0.0116717861499239	0.0329372847231103	0	0	0.107538998164241	0.023	0.304680348327627	0.963500120406879
EBOVAC.207178.release92.star.	0	0.0460725691710641	0.074272529637254	0.0756998429976692	0.146832779785056	0.109044169240199	0.0322010324257752	0	0	0	0	0.0327327375997836	0.289981331405559	0.0139168206813165	0	0	0	0.0541204115918471	0	0	0	0.125125775464476	0.031	0.258297091451586	0.991249271545907
EBOVAC.208190.release92.star.	0	0.0625768431875425	0.0390006215495741	0.100431326120725	0.0749426401925301	0.0613737875542546	0.159800586154013	0	0	0.0612537574278101	0	0.0230197058773655	0.193022113580156	0.00683547558641129	0	0	0	0.0405604667025992	0.0591919242974163	0	0	0.117990751769602	0.031	0.261390453377206	0.980650357389932
EBOVAC.209107.release92.star.	0	0.0419670785067235	0.0441465077333066	0.0415213765162862	0.15901984583513	0.106115602645118	0.0749751156400452	0	0	0	0	0.0584525215513508	0.267325163234734	0.0228432549125494	0	0	0	0.0466944164920626	0.0612016202138477	0	0	0.0757374967188457	0.024	0.290308900428859	0.96801987754987
EBOVAC.210119.release92.star.	0	0.093735261499022	0.0554943999479843	0.0539757194887851	0.0997145436924007	0.0779545887946028	0.083747612867096	0	0.00211117335266312	0.0138811701592186	0	0.0609770941047043	0.243840386670925	0.0186681522070831	0	0	0	0.0539164714762603	0.0299282341979481	0	0	0.112055191541307	0.036	0.243513206139615	0.990318031581614
EBOVAC.211131.release92.star.	0	0.0421340789911416	0.0632149887981538	0.0390234952023618	0.0877054533593938	0.101702821094498	0.0540865793778098	0	0	0.00283494778633446	0	0.0337010672615488	0.40327499575158	0.00577710931391485	0	0	0.00213400648216885	0.00612976571402417	0.0427916081239914	0	0	0.115489082743078	0.024	0.288387499797116	0.981569083248121
EBOVAC.212143.release92.star.	0	0.0486159421204594	0.0475980876559015	0.137757939587554	0.134665509933638	0.0919291721699518	0.0317324110980145	0	0	0	0	0.0486727105624282	0.277228059443629	0.00396720894925725	0	0	0	0.0608499931871499	0.0363254945985016	0	0	0.0806574706935161	0.023	0.307248910786894	0.963794047173204
EBOVAC.213155.release92.star.	0	0.0582529672231944	0.0425493722460958	0.00467454416345085	0.0522669200450014	0.0231576235004628	0.0256020874852232	0	0	0.0144659560120981	0.0192768845321678	0.00717429596486784	0.397581475597132	0	0	0	0	0.0430148870952741	0.00908670504950733	0	0	0.302896281085524	0.00800000000000001	0.433013668002109	0.92999833202192
EBOVAC.214167.release92.star.	0	0.0539499147918561	0.0489564960260186	0.0204099310858151	0.109768318063289	0.12863878405301	0.0619879341623282	0	0	0.00857536819463116	0	0.0477390191608251	0.250227076164543	0	0	0	0.00197146139650001	0.0136037527908728	0.0557699386681671	0	0	0.198402005442143	0.032	0.257164127558057	0.995883647458782
EBOVAC.215179.release92.star.	0.0145810818630111	0.0189481210184032	0.0354463863226564	0.0509091485412404	0.142272965840134	0.0775005240998124	0.0681959351618224	0	0	0.0617420071132848	0	0.0174000492221808	0.241856268360721	0.00214059398635607	0	0	0	0.0710405702532722	0.00263099146450773	0	0	0.195335356752598	0.054	0.186159142067787	1.03404209112747
EBOVAC.216191.release92.star.	0.0170524502040829	0.0516862404767431	0.0516046425959506	0.0415919537371235	0.125533534836572	0.0202457536402952	0.0553824493574413	0	0	0.0206240669894776	0	0.0659885030684239	0.336528205933347	0.00885111521919333	0	0	0	0.0568451271278412	0.0217475896224538	0	0	0.126318367191054	0.03	0.264020473925101	0.989458802242831
EBOVAC.217108.release92.star.	0	0.0474019872008834	0.0674719808478308	0.0328483393527363	0.102167099403916	0.0879932564401863	0.0667236112565493	0	0	0.0449413738094257	0	0.0500337649554332	0.274985201537366	0.0218608146742731	0	0	0.00900741867084809	0.00911203228454653	0.0635593390413579	0	0	0.121893780524647	0.023	0.295066158957854	0.968693244381671
EBOVAC.218120.release92.star.	0	0.0716575717143436	0.0324216690168315	0.0455278795480547	0.141913763225483	0.0531899400139292	0.107173227055134	0	0	0.0106080932763263	0	0.0419693191138614	0.240649443198253	0.00905538806001317	0	0	0	0.0523757545732547	0.0592302609209614	0	0	0.134227690283554	0.044	0.208160530959837	1.00662319593772
EBOVAC.219132.release92.star.	0	0.0674686947927306	0.0356517780178998	0.0184111579133042	0.189478158143843	0.0961876993169401	0.0700415072199217	0	0	0	0	0.0429966018182329	0.251051767970753	0.00569372234170959	0	0	0.0033953942739244	0.0279143397157347	0.0584013873334624	0	0	0.133307791141544	0.01	0.36696331398113	0.934463205449813
EBOVAC.220144.release92.star.	0	0.0595615754136853	0.047011013801144	0.0476532617628085	0.139185961754581	0.0260356172400912	0.070433349297111	0	0.00685543580889243	0.00266405661993397	0	0.0280256533960751	0.357023610883354	0.00843759159025965	0	0	0	0.0496223965160762	0.0359295019479047	0	0	0.121560973968083	0.043	0.210038819815057	1.01506260849953
EBOVAC.221156.release92.star.	0	0.0562679225354002	0.0575464749996627	0.0517923275886724	0.115409584881958	0.127115869457071	0.0367048627682535	0	0	0.0183778955357912	0	0.0312113574506273	0.313913573555834	0.0137515026570921	0	0	0	0.044935522839786	0.0244985986336291	0	0	0.108474507096223	0.00900000000000001	0.410380004414739	0.913150882229959
EBOVAC.222168.release92.star.	0	0.0607303060930662	0.0514164615450629	0.0522767410295024	0.101310978078296	0.123762396446038	0.0306288256700891	0	0	0.0114590160184943	0	0.0294156509206827	0.344402085520561	0.0146480818405306	0	0	0	0.0442311317601111	0.0113497175720849	0	0	0.124368607505481	0.01	0.3724696102041	0.935239563070925
EBOVAC.223180.release92.star.	0	0.0642431239669838	0.0636793736987562	0.0402409023143053	0.220160039469454	0.0980776447912154	0.0600971156920712	0	0	0.0152694825293504	0	0.0290858024712071	0.260129369661998	0.025636772368615	0	0	0.00116197355861147	0	0.0473943597112416	0	0	0.0748240397661909	0.039	0.225333329169228	1.00138689964976
EBOVAC.224192.release92.star.	0	0.0739392892503264	0.0717064050642164	0.0582883896561475	0.0935980010077994	0.051516335869009	0.0331614635520247	0	0	0.0422361081802726	0	0.0384704784042471	0.357401634284458	0.0180134936133822	0	0	0	0.0511424859631458	0.0127363168705153	0	0	0.0977895982844557	0.01	0.361489017930875	0.939387472612686
EBOVAC.225109.release92.star.	0	0.0509167454057074	0.0425193969242844	0.0372855900097197	0.0788156620818104	0.152418061606025	0.0651627123598603	0	0	0.02183405816231	0	0.0312568570705194	0.281093688278784	0.00667377844336814	0	0	0	0.0465962322044665	0.0443633657375592	0	0	0.141063851715585	0.01	0.379315105984532	0.929002222860023
EBOVAC.226121.release92.star.	0	0.0411720147444947	0.0382275143194105	0.0450681763541267	0.073173029223128	0.197628497580237	0.108230077518685	0	0	0.0154895192206401	0	0.0755885754964076	0.179393392737224	0	0	0	0.0085584821260227	0.0508323083355169	0.0387374399859529	0	0	0.127900972358154	0.054	0.185125501821741	1.02031375070342
EBOVAC.227133.release92.star.	0.00778440854621326	0.0328637242063508	0.102262292709373	0.0644717815401683	0.145719123204546	0.125766183627508	0.0948173958412844	0	0	0	0	0.0665871582347626	0.184664010482909	0.0147211305115641	0	0	0	0.0653492681113342	0.0261839799881223	0	0	0.068809542995863	0.024	0.28377280243848	0.970587457408246
EBOVAC.228145.release92.star.	0	0.0400299977287028	0.216527920192488	0.0194153909669138	0.163130276831798	0.0924003740520836	0.0529921817600788	0	0	0.00477456464369905	0	0.0176716822818784	0.247430308218048	0.0190771138933947	0	0	0	0.00900420101747441	0.0321438425434252	0	0	0.0854021458700156	0.00900000000000001	0.407477256688538	0.914435727800607
EBOVAC.229157.release92.star.	0	0.0596430154020614	0.0504475387153212	0.0487612615688584	0.11620910623792	0.134211628167217	0.0410521626747922	0	0.00862502526993967	0.00456515074529876	0	0.0622320146394479	0.281051768985306	0.0214600562402214	0	0	0	0.0504983827268031	0.0397668035695495	0	0	0.0814760850572631	0.00900000000000001	0.383302201848192	0.925187870885515
EBOVAC.230169.release92.star.	0	0.0401721370894356	0.0836443857615776	0.0781655110106581	0.141302247613502	0.0804283032050427	0.0575727562848549	0	0	0	0.0241654054269003	0.0169110098515285	0.325321455220799	0.00932673973826301	0	0	0	0.0690715607856571	0.00433814160592543	0	0	0.0695803464058553	0.024	0.285831745233779	0.973064907567775
EBOVAC.231181.release92.star.	0	0.0617772782072309	0.0677324730102331	0.0677110424536185	0.138708703161167	0.0645752813933591	0.0464249398744972	0	0.0048065789510752	0.0120236855599719	0	0.0156104446958351	0.324812805448924	0.00420180541817143	0	0	0	0.0518125172610492	0.0193166747622883	0	0	0.12048576980258	0.01	0.370647563533433	0.934389599867472
EBOVAC.232193.release92.star.	0	0.0441947146023551	0.0592679892725612	0.0788306423882506	0.0850359820887831	0.17798742851119	0.0480128635044652	0	0	0.0113254775039807	0	0.0481933793279532	0.259362037360906	0.00380039627987856	0	0	0	0.0511175341857415	0.0438630181653206	0	0	0.089008536808614	0.00800000000000001	0.425182847663062	0.904524141287648
EBOVAC.233110.release92.star.	0	0.0440625353296824	0.0549195288413981	0.0492188095992945	0.080345672209896	0.0736154403945325	0.0947534497920891	0	0	0.0347231527622459	0	0.0219288274868304	0.306322208600776	0.0205439080401514	0	0	0	0.0531444455231293	0.0478040174135003	0	0	0.118618004006473	0.01	0.356143170045222	0.939019905630151
EBOVAC.234122.release92.star.	0	0.0715909735073878	0.0527647326375261	0.043242947692758	0.085302315238598	0.142022859061759	0.078731328724845	0	0	0.0325864265341783	0	0.0358022974049731	0.265234448846089	0.011534080039446	0	0	0	0.0443775815871413	0.0496379815517658	0	0	0.0871720271735328	0.00900000000000001	0.393975323968744	0.919311795215443
EBOVAC.235134.release92.star.	0	0.061544944853403	0.0554638324206456	0.0652309550203758	0.123871955586867	0.0997693697619201	0.0571484770507965	0	0	0.0184213775428203	0	0.027163130112193	0.336762341583377	0.0117957513055895	0	0	0	0.0483420314553142	0.00584062065166172	0	0	0.0886452126550357	0.05	0.191428664444415	1.02123269332518
EBOVAC.236146.release92.star.	0	0.0472484822534078	0.0283534835371417	0.043550675445612	0.0921414411458705	0.0529380463725758	0.104901995009745	0	0	0.0155281225572456	0	0.0684816091725958	0.277290621010678	0.0228048315705773	0	0	7.64992491327685e-05	0.0487582822798618	0.0732813139796398	0	0	0.124644596415916	0.0620000000000001	0.171506647376233	1.02463922467907
EBOVAC.237158.release92.star.	0	0.0257449617443029	0.0499922040713801	0.0431590796228204	0.12139078071456	0.115388701938505	0.0976735535853762	0	0	0.0137241683031316	0	0.0461606060568448	0.305796819316504	0.0198857824344631	0	0	0	0.0445957840103707	0.0404882897359764	0	0	0.0759992684657644	0.00900000000000001	0.391159681744043	0.921370424592104
EBOVAC.238170.release92.star.	0	0.0445806072035551	0.0364383294661937	0.085953047916016	0.0663516183652829	0.0879213565002609	0.10282440863036	0	0	0.0561541860510256	0	0.0519955894896057	0.283418855038481	0.0142999555848188	0	0	0	0.0439312039289969	0.0543822696707776	0	0	0.071748572154626	0.021	0.328344472077357	0.951535904257529
EBOVAC.239182.release92.star.	0	0.0327766502652487	0.140706470140023	0.0202527737485441	0.110645751475439	0.233040227637741	0.0538241259275676	0	0	0.00951873798519378	0	0.0341281603755044	0.241539517380994	0	0	0	0	0.00242713342979716	0.0439870136928696	0	0	0.0771534379410778	0.023	0.307251749231986	0.963053937965789
EBOVAC.240194.release92.star.	0	0.021487846826783	0.0469353826687006	0.0857208724911577	0.0794611809626747	0.13140956104034	0.0764572141665472	0	0	0	0	0.0348003461472862	0.327855747725328	0.0135710446515473	0	0	0	0.0466877396354908	0.036376095625504	0	0	0.0992369680586406	0.023	0.299726835780021	0.968389806267979
EBOVAC.241111.release92.star.	0	0.0425904382006696	0.0644926388674783	0.0319630496484983	0.0950146460200839	0.0329828082343762	0.0347659282315204	0	0	0.047190695899281	0	0.0146510487765925	0.437552719366459	0.00754270016294146	0	0	0.0140874834867059	0.0452313093481895	0.00328300591537452	0	0	0.128651527841829	0.00600000000000001	0.447445808165237	0.897977096119326
EBOVAC.242123.release92.star.	0.0129812627802659	0.021441142287082	0.0650648693077578	0.078533454658163	0.152142914120242	0.0813366672600322	0.0517712039902029	0	0	0	0.0177973569463205	0.0203481765463481	0.30429981498409	0	0	0	0	0.0600028071964829	0	0	0	0.134280329923013	0.029	0.268337817857206	0.987644894637813
EBOVAC.243135.release92.star.	0.0069943814328317	0.0339222795430852	0.0390594310851599	0.0289391285787011	0.104756678762869	0.184691633877873	0.114375049576767	0	0	0.0317233280068429	0	0.0588237119488693	0.213052479124188	0.0198147988677363	0	0	0	0.053147506337408	0.0421132693906477	0	0	0.0685863234670206	0.048	0.199659196403375	1.0091630805664
EBOVAC.244147.release92.star.	0	0.0684832768010616	0.0337174833184222	0.0521426661845401	0.107664287743578	0.123068481832779	0.0448676248571313	0	0	0.0260313193596514	0	0.0167782526292365	0.251299087268973	0.00640063390677753	0	0	0	0.048836099622315	0.0215277136733866	0	0	0.199183072802148	0.023	0.296965836173872	0.977398833259158
EBOVAC.245159.release92.star.	0	0.0309343229425064	0.0701791255776912	0.0655779108161482	0.100724145081351	0.101230034757959	0.0485163553068126	0	0	0.0367906082070309	0	0.0121274878845618	0.345403722534255	0.0124355219595066	0	0	0	0.0504509905870974	0	0	0	0.12562977434508	0.023	0.300016821339251	0.973368647014449
EBOVAC.246171.release92.star.	0.0103380317552562	0.0329513550099341	0.0481553603739167	0.0573451331538512	0.0578037124191387	0.234621403803448	0.119703336842153	0	0	0	0	0.054021264042623	0.212531204133921	0.0103605825555067	0	0	0	0.048853828570673	0.0534339259318762	0	0	0.059880861407703	0.025	0.278370421700875	0.973078539997143
EBOVAC.247183.release92.star.	0	0.0762299667022907	0.0310106237021902	0.0200981509721975	0.089355120476116	0.0924946074655196	0.0401505328825465	0	0	0.0191829285200228	0	0.00672352319507952	0.388198131829264	0.0126707084440865	0	0	0	0.0500891003141167	0	0	0	0.173796605496571	0.037	0.239352853290883	1.01761106769604
EBOVAC.248195.release92.star.	0	0.0550726430597732	0.0703876155479207	0.0687776355198305	0.160986274297486	0.0984957046082244	0.00962191495416112	0	0.00292290900034264	0.0292179063324682	0	0	0.34969572369365	0.0154490785792889	0	0	0	0.0508934467158029	0	0	0	0.0884791476910516	0.036	0.244655234416367	1.0000352038206
EBOVAC.249112.release92.star.	0	0.0512756957119208	0.0759984788849441	0.071680343624353	0.125458553735712	0.106158885350005	0.0237403349081467	0	0	0.0605441976789176	0	0.0394271680604828	0.312279127708443	0.0269914123372202	0	0	0	0.0521005341260311	0.000825185061509508	0	0	0.0535200828123144	0.029	0.268212019596686	0.983142430874487
EBOVAC.250124.release92.star.	0	0.0784305104323205	0.05539288061762	0.0902022761447266	0.110746559138799	0.0835955486126638	0.0136350230761807	0	0	0.00659440886602629	0	0.0312519910076892	0.272617680982401	0.00778700756653988	0	0	0	0.056907873038242	0	0	0	0.19283824051679	0.023	0.304305798350687	0.97516502793564
EBOVAC.251136.release92.star.	0	0.049026687173742	0.0278316913024521	0.00562573635929705	0.104915070330881	0.141747317415209	0.0558100090497958	0	0	0.0120615333256448	0	0.032158134804829	0.344740888656238	0.00405763507180713	0	0	0.000383048115863982	0.0171544792044984	0.0451304208521798	0	0	0.159357348337563	0.023	0.293250267959546	0.980386878526941
EBOVAC.252148.release92.star.	0	0.0271734111501556	0.0659800383427012	0.0539680814359906	0.0964969261904334	0.136474770060214	0.0488532599932242	0	0	0.0164481807417572	0	0.0306788689732863	0.353957069209085	0.0218728623772115	0	0	0	0.0466253957641417	0.00414970409744331	0	0	0.0973214316643561	0.00700000000000001	0.441410809217977	0.897335631187015
EBOVAC.253160.release92.star.	0	0.0577866109432076	0.0247156068600168	0.0482191464537633	0.156197749888303	0.0770522531227243	0.11332395545434	0	0	0	0	0.0437753952890477	0.211584003892499	0	0	0	0	0.0499191982901446	0.0599334953324056	0	0	0.157492584473548	0.027	0.270681467625006	0.980672593717692
EBOVAC.254172.release92.star.	0	0.0419477620515546	0.0706469224465046	0.0576925270919576	0.0971495773873301	0.0984246184606806	0.0498289339806588	0	0	0.010230080302482	0	0.020454639633762	0.355353008578731	0.0102563288417049	0	0	0	0.0514468648662662	0	0	0	0.136568736358367	0.033	0.251518915833229	0.99931698258389
EBOVAC.255184.release92.star.	0.000439572163850126	0.0466088490752787	0.070161362480719	0.0806396242737678	0.187012350429696	0.089470439092142	0.0135723407511478	0	0	0	0.0267870393453919	0.0176122197950312	0.230714677306894	0	0	0	0	0.0566484263788158	0	0	0	0.180333098907265	0.047	0.202770250956491	1.02405405460186
EBOVAC.256196.release92.star.	0	0.0531261038415932	0.0437345140133107	0.0133270493461631	0.106152386016904	0.174289988237747	0.0920533630834299	0	0	0.0162921069095512	0	0.0257305589370731	0.301221590436369	0.0124990449885385	0	0	0.00104265759009305	0.0131146807402507	0.0438714254149284	0	0	0.103544530444048	0.021	0.326249623450169	0.954738128328925
EBOVAC.257101.release92.star.	0	0.0589646040561081	0.02293158100649	0.0563176482779088	0.094520658637918	0.0720458549461133	0.0496337498005232	0	0	0.0399439773636796	0	0.0386988169983451	0.312709352627133	0.0183317112799355	0	0	0	0.0518622279406629	0.0309640192917822	0	0	0.1530757977734	0.032	0.256515978861365	0.99539537486225
EBOVAC.257196.release92.star.	0	0.0427811693555617	0.061743168134142	0.0491818717018259	0.159216555262599	0.0811501625845252	0.0589041025578784	0	0.0209686747099095	0	0.0010907959095198	0	0.222123521689054	0	0	0	0.00144144209416795	0.0376100746037662	0.00918228176552535	0.00101015035568222	0	0.253596029275843	0.025	0.278486290954413	0.995316214848472
EBOVAC.258113.release92.star.	0	0.0549337600522199	0.0596583390438604	0.0551831736438517	0.110118305343367	0.103470200118222	0.0506003719786262	0	0	0.0260195981362269	0	0.0148676054904209	0.355035076356534	0.0188162443793722	0	0	0	0.0484362123657733	0.0203920497367909	0	0	0.082469063354734	0.00900000000000001	0.394295845794023	0.921372501897954
EBOVAC.258184.release92.star.	0	0.0606094392726354	0.0510066341421926	0.0547240397632607	0.150478406752575	0.0615667837852922	0.0750495088699827	0	0	0.0331770891979052	0	0.00358342711301608	0.362654103610724	0.017952509716617	0	0	0	0.0364654852024318	0.0255351609181578	0	0	0.067197411655209	0.005	0.47972478861952	0.876430526335857
EBOVAC.259125.release92.star.	0	0.0854109704963834	0.0514131246388085	0.0500147366233802	0.170581139038545	0.18117754586936	0.044699847930097	0	0.000272289337597714	0	0	0	0.272929471441944	0.0074532118572293	0	0	0.0022884862102531	0.0482632529609855	0	0.0068441149529185	0	0.0786518086424965	0.022	0.310027149777722	0.964364694744503
EBOVAC.259172.release92.star.	0	0.0685507358756191	0.069026355422443	0.0618263585784628	0.129543979227997	0.0873775450603674	0.0069535899933963	0	0.00228334319312217	0	0	0	0.322741845284583	0.0186043235997254	0	0	0	0.0529999448447792	0	0	0	0.180091978919504	0.025	0.280366408832951	0.990221723700132
EBOVAC.260137.release92.star.	0	0.0243319376655164	0.196469034117092	0.0616042321924708	0.185172157460713	0.0257736548740135	0.0775014384605484	0	0	0	0.017490522035481	0.0250020136097391	0.207245676789817	0	0	0	0	0.00916522487201415	0.0482250126987664	0	0	0.122019095223828	0.01	0.378094560370763	0.928491429952848
EBOVAC.260160.release92.star.	0.0383882666770069	0.00621785398908049	0.0621430709161895	0.0496658128632463	0.139422554027869	0.048443174318634	0.152863201310753	0	0	0.0723909678429913	0.0151009094774881	0	0.176876314943524	0.000821268597545191	0	0	0.00901126833126083	0.0585114968336233	0.0187411801923638	0	0	0.151402659678425	0.036	0.243738461839188	0.991266648091949
EBOVAC.261148.release92.star.	0.00149012418676779	0.0481105414489851	0.0451047043908391	0.0589293637853897	0.0775099885428179	0.0556923934424981	0.0990773269586276	0	0	0.0127641577935718	0	0.0363836269097815	0.313403331449161	0.0160238762490831	0	0	0	0.0485954238844757	0.0621699791782616	0	0	0.12474516177974	0.017	0.340518754483579	0.947067742120588
EBOVAC.261149.release92.star.	0.00343658147022335	0.00611493207340532	0.0240596262038706	0.0264259836323477	0.0918984692716064	0.1041456142989	0.108060557035677	0	0	0.0184889691386902	0	0.0116387117170858	0.307688577989144	0.00836254553999784	0	0	0	0.0200700339126491	0.0390702902024497	0	0	0.230539107513953	0.00900000000000001	0.413508717771318	0.919740247684148
EBOVAC.262136.release92.star.	0	0.0646159447842068	0.0418786056984777	0.0308556304032215	0.143428887997842	0.147656860177528	0.0186757579456222	0	0	0	0	0.0111529744424006	0.297481703607529	0	0	0	0	0.0494310351381914	0.00957686198736835	0.00214225707655395	0	0.18310348074106	0.00800000000000001	0.427708507072213	0.907904467421804
EBOVAC.262161.release92.star.	0	0.0459340655985073	0.0954115376566353	0.0367661469690897	0.0914955373309362	0.0562216271388252	0.10445921280746	0	0	0.0214429682641937	0	0.00281798886073497	0.313487810277582	0.0134367615128683	0	0	0	0.0782973456456875	0	0	0	0.140228997937479	0.023	0.307587534825523	0.965574321125175
EBOVAC.263124.release92.star.	0	0.0568581807588367	0.0593628309247637	0.0376425947621176	0.158577178731881	0.136444607220227	0.0665351659550006	0	0	0.0111214830071437	0	0	0.339214924112892	0.015333204174867	0	0	0	0.0436351962911427	0.0101549877516331	0	0	0.0651196463094945	0.01	0.368979362094614	0.934281082090301
EBOVAC.263173.release92.star.	0.00528823941206706	0.0220227255421363	0.0661291367175713	0.0636138889802094	0.0977058651772792	0.101956986060629	0.106494366383813	0	0	0.0314750615983016	0	0.0510953076379588	0.239511194162812	0.0171715393644477	0	0	0	0.0463454360432066	0.0652904142479997	0	0	0.0858998386715681	0.043	0.212174739021781	1.00117424204724
EBOVAC.264112.release92.star.	0	0.0514216768702373	0.0521019687100352	0.0625478854941825	0.170763941227817	0.0965531234026	0.0885559319969149	0	0	0	0	0.0462091375230156	0.2354720589428	0.0108008706803081	0	0	0	0.0137847122459505	0.0573496510348824	0	0	0.114439041871257	0.028	0.269705976266909	0.980394403664257
EBOVAC.264185.release92.star.	0	0.047250070524505	0.0456940362000683	0.072872784179852	0.0863262744665605	0.0716353923790681	0.155609236403144	0	0	0.0681900958258253	0	0.0344791061646187	0.24279151068037	0.0166967230857813	0	0	0	0.0481865788948862	0.0448674808435562	0	0	0.0654007103517639	0.021	0.330565394133037	0.948551561804514
EBOVAC.265102.release92.star.	0	0.0642910201890936	0.0255929332615671	0.0316346699923104	0.142518251692221	0.110839125679393	0.110133032840901	0	0	0.0186039062896804	0	0.0433542296537272	0.204926985283529	0.0133268926569982	0	0	0	0.0396947155088281	0.0610995563530705	0	0	0.13398468059868	0.025	0.281468325504303	0.973510658357031
EBOVAC.265195.release92.star.	0	0.0305881273250987	0.0520708125265217	0.0637758833589106	0.119510649740633	0.107596663444221	0.0395313340555724	0	0	0.00775098420835264	0	0.0218997326385252	0.313660274255141	0	0	0	0	0.0518842562889802	0.0258900467329382	0	0	0.165841235425106	0.03	0.264091208972181	0.993750617652569
EBOVAC.266114.release92.star.	0	0.0610977810828411	0.0829206714052943	0.0613522124887415	0.0626464603805698	0.0125629815743688	0.0672930933504568	0	0	0.0545633295041408	0	0.0143656763760187	0.356499642167991	0.0066316869338811	0	0	0	0.0668174116167726	0.000191683737024955	0	0	0.153057369381898	0.01	0.364883705612261	0.9416896352627
EBOVAC.266183.release92.star.	0	0.0554064172584353	0.0419569205816946	0.056030131132181	0.0829559690944349	0.10079886677479	0.0195750064226657	0	0	0.0092440325060334	0	0.0263092898674815	0.193801486275301	0	0	0	0	0.0544187671651691	0.0298834930050589	0	0	0.329619619916755	0.016	0.343608555632851	0.970843882384928
EBOVAC.267126.release92.star.	0	0.0152306773310667	0.0883671384968918	0.0733813382361472	0.143310897540972	0.0931663465812241	0.0656949997406944	0	0	0.00801446028226002	0	0.0240914530165686	0.292739059338294	0.0143473221287132	0	0	0	0.0691592451594277	0.0100741247826314	0	0	0.102422937365109	0.024	0.286098607240098	0.973654798622679
EBOVAC.267171.release92.star.	0	0.0457245264391498	0.0641396853765088	0.0527440342494549	0.100417948898479	0.0762636790428318	0.0758892790295569	0	0	0.0204443032753223	0	0.0396921935893128	0.298664531513384	0.0220161418605997	0	0	0	0.0492428258298278	0.0544077177098948	0	0	0.100353133185677	0.01	0.3676725221301	0.932421650137088
EBOVAC.268138.release92.star.	0	0.0480888876390415	0.10392035328257	0.0255700108776623	0.0919395370023175	0.0162984434348576	0.0996238463761912	0	0	0.0329487341878643	0	0.0333893763284886	0.241138889880787	0	0	0	0	0.0414164045339968	0.0571780748654017	0	0	0.208487441590821	0.011	0.352595761670868	0.945005890817369
EBOVAC.268159.release92.star.	0	0.0542957849732317	0.068562561338945	0.0575843553290646	0.108299749605993	0.121461700423696	0.0284776325534854	0	0	0.00272040153602281	0	0.0286568333877287	0.326648882459665	0.00364547875394955	0	0	0	0.0525738940884203	0.00685983217441794	0	0	0.140212893375379	0.026	0.276132217368226	0.98549763671575
EBOVAC.269147.release92.star.	0	0.0590375856309488	0.065973255480989	0.0577933230958067	0.145562501123594	0.102397788604647	0.0922608272291371	0	0	0.0187713212821885	0	0.0368025055300127	0.260843871067864	0.00477179028090313	0	0	0	0.049330840714772	0.057425049818886	0	0	0.0490293401402506	0.022	0.322421055458629	0.952031020868155
EBOVAC.269150.release92.star.	0	0.047897212592325	0.0558135016460763	0.0575199948681794	0.1211802034073	0.128493479896588	0.0728109750765875	0	0	0	0	0.0222875181703478	0.27871986281874	0.00087041821624462	0	0	0	0.0472522285962211	0.000701601791898122	0	0	0.166453002919492	0.00900000000000001	0.420103477393902	0.909883149799311
EBOVAC.270135.release92.star.	0	0.0510891647553731	0.0776978825854959	0.0280087172703087	0.140373339455887	0.103565280721161	0.0795358322838786	0	0	0.0141129883496338	0.0111279018957699	0	0.225452600221442	0	0	0	0.0168310044415887	0.0438707248149901	0.0212576588085909	0	0	0.187076904395881	0.022	0.312350706812473	0.964068674450237
EBOVAC.270162.release92.star.	0	0.0716263998604193	0.0581563278554404	0.0474196223650849	0.138378216182771	0.0798038042116518	0.0325344236286704	0	0	0.0385841703929493	0	0	0.287536466488256	0	0	0	0	0.0447347008219818	0.000185243824970518	0	0	0.201040624367804	0.00900000000000001	0.41855792826159	0.913917843561041
EBOVAC.271123.release92.star.	0.0111982545107404	0.00663076336360865	0.0743286601276486	0.00962536247449912	0.213401418948537	0.0865004967124568	0.106301907250033	0	0	0.0678402080574479	0.0336471224587579	0.00471101146390842	0.214551494365587	0.00249298411288071	0	0	0.0147858223273915	0.0595420035713756	0	0	0	0.0944424902551283	0.037	0.240971299292268	0.993145864966379
EBOVAC.271174.release92.star.	0	0.0695499279458691	0.0449354546426494	0.0587751225358128	0.123984145619135	0.0750773117926632	0.0370034310161493	0	0	0.0159617659526269	0	0.000955670116875535	0.389197534712855	0.00763616674661066	0	0	0	0.0461528282312634	0	0	0	0.130770640687489	0.039	0.227794915026711	1.01611855546799
EBOVAC.272111.release92.star.	0.00429655960391774	0.0324019479211619	0.0710230066592402	0.0345188912607836	0.215046723219947	0.131887620045346	0.072560187498393	0	0	0	0.0143157735783151	0	0.207249984712927	0	0	0	0.00161952059321314	0.053803146247555	0	0	0	0.1612766386592	0.00900000000000001	0.405343053340053	0.917110779511975
EBOVAC.272186.release92.star.	0	0.0361168977393405	0.066559976437556	0.0690951634669918	0.111779631388832	0.157878846405727	0.0623591572951573	0	0	0	0	0.0105955643309469	0.368670833505727	0.0139344631844743	0	0	0	0.0472711485250161	0	0	0	0.0557383177202313	0.019	0.337332152272826	0.951164701101927
EBOVAC.273103.release92.star.	0	0.0458251965891577	0.0649080801765357	0.0589666687751745	0.122645368342468	0.10747416211617	0.0454001054840468	0	0	0.0509712212555854	0	0.000384529897461434	0.328024956354884	0.0127077895080173	0	0	0	0.0517016797657402	0	0	0	0.11099024173476	0.037	0.240020013851642	1.00114863150541
EBOVAC.273194.release92.star.	0	0.0358018168653174	0.0329701513886706	0.104178566671639	0.0952062809269871	0.103705009181987	0.0777010300540535	0	0	0	0	0.0370701521503922	0.323539041475936	0.0155165916380092	0	0	0	0.0500623748205811	0.0354937564915055	0	0	0.0887552283349213	0.024	0.283115462076902	0.975823611203983
EBOVAC.274115.release92.star.	0	0.0375138484590124	0.0600894971693198	0.0263703952098259	0.100716260356982	0.161300877243524	0.0637488688093391	0	0	0.0586776706680169	0	0.00568900746481752	0.252362393609827	0	0	0	0	0.0451749660742506	0.00449239398140142	0	0	0.183863820953684	0.021	0.327819233286268	0.960317237086951
EBOVAC.274182.release92.star.	0.00229232966280685	0.0433994795276942	0.053395621261665	0.0608626079559692	0.11376636579175	0.176233335786282	0.0704133699763612	0	0	0	0	0.0521640840256056	0.205097855677959	0.000674103150761782	0	0	0	0.0583705299238749	0.0447034036436888	0	0	0.118626913615581	0.025	0.28261282349613	0.973870170149545
EBOVAC.275127.release92.star.	0	0.0522063354089786	0.0757682393249695	0.0746509910904089	0.159630750392514	0.131990451040789	0.000715857560666295	0	0	0	0	0.0366991265880495	0.256581242885961	0	0	0	0.00928833967837668	0.0555322181182185	0	0	0	0.146936447911068	0.024	0.284872518468773	0.980361344180098
EBOVAC.275170.release92.star.	0	0.0328766333576208	0.0579586782887941	0.14225830658076	0.138440610984136	0.0724239531555588	0.0213953246167574	0	0	0	0	0.0584281454329295	0.305790208488916	0.00665150326026364	0	0	0	0.0581441746547736	0.0362439482702999	0	0	0.0693885129091909	0.02	0.330686156376352	0.952882342298083
EBOVAC.276139.release92.star.	0	0.0189124286049926	0.0829962871305364	0.063045382310476	0.131329598336693	0.0826906391080392	0.0899623404528876	0	0	0	0	0.0152906378558075	0.297053006331294	0	0	0	0	0.0688895057860056	0.0324016035616754	0	0	0.117428570521592	0.024	0.289756328734181	0.971309976462624
EBOVAC.276158.release92.star.	0	0.0556017677681105	0.0648377850598176	0.0234999692467786	0.148791251482677	0.121408744197064	0.000507331581896578	0	0	0	0	0.0372805307944446	0.164333304462864	0	0	0	0	0.0516195399753559	0.0362504253919304	0	0	0.29586935003906	0.01	0.36063650254081	0.952260882592592
EBOVAC.277146.release92.star.	0	0.108857116464452	0.0708117931533186	0.0883684913744904	0.210603347778947	0.0436782360323689	0	0	0.0330856149480297	0	0.049406622635458	0.0308593396306144	0.230802428618418	0	0	0.0165142985063442	0	0.0200640158733941	0.0211871476314084	0	0	0.0757615473527558	0.022	0.313793494885128	0.961263174892272
EBOVAC.277151.release92.star.	0	0.0732753334012839	0.0298502402069705	0.0392929121409957	0.127533113811383	0.0324359714098856	0.139993349987112	0	0	0.0545365289587763	0	0.0294015584344165	0.225725330801517	0.0100572219897083	0	0	0	0.0431031899348652	0.0616332571081275	0	0	0.133161991814959	0.028	0.269323295054966	0.978044878580704
EBOVAC.278134.release92.star.	0	0.0640450802509542	0.0287144080892282	0.0357878299490051	0.0896073103910525	0.0814077639861768	0.100569660723074	0	0	0.0170979877574934	0	0.0415934932924382	0.26131904763878	0.0163388220106012	0	0	0	0.047902216695129	0.0567031019405799	0	0	0.158913277275488	0.039	0.221398174000702	1.00511482615131
EBOVAC.278163.release92.star.	0	0.0251608387108283	0.10484163139415	0.0222052540052636	0.0613324234776631	0	0.0230267862804899	0	0.0101392261165037	0.0415568015678677	0	0	0.442451248698182	0.00324646780422015	0	0	0	0.0377904445181368	0	0	0	0.228248877426694	0.00900000000000001	0.421910192610958	0.927957985516933
EBOVAC.279122.release92.star.	0	0.0427364896071567	0.0468795302220117	0.0853706041491411	0.146520353456089	0.128590308279945	0.0517717020332185	0	0	0	0	0.034967910097534	0.258056572387393	0.00502550056879242	0	0	0	0.0483303526276116	0.0322740626536259	0	0	0.119476613917481	0.033	0.25035170617151	0.992620910763783
EBOVAC.279175.release92.star.	0	0.0326955570141069	0.046414430409	0.0385725538853828	0.131429446866296	0.117158167399576	0.0333123376137264	0	0	0.0170640664745515	0	0.0296534457648186	0.314519981915774	0	0	0	0	0.0501482496574692	0.00843408775583166	0	0	0.180597675243467	0.00900000000000001	0.398518425364877	0.924756092876668
EBOVAC.280110.release92.star.	0	0.0527341359788349	0.0531958429044357	0	0.14538616068428	0.162959536839195	0.0520257055495317	0	0	0.0170555150167315	0	0.0107741872400345	0.315364964850748	0.0143781919663465	0	0	0	0.0499713621737027	0	0	0	0.12615439679616	0.00900000000000001	0.418362282956801	0.910198380201723
EBOVAC.280187.release92.star.	0	0.0338423066095475	0.0731300371230618	0.064908557899325	0.10825042108182	0.0657989028698994	0.102208398095337	0	0	0.0280191096998506	0	0.0146783351796058	0.333699280954735	0.0123483142794361	0	0	0	0.0578532730126603	0.042151730728539	0	0	0.0631113324661824	0.022	0.320155830895138	0.954619592279173
EBOVAC.281104.release92.star.	0	0.0502534905623862	0.0743222734239761	0.0604969791495196	0.103635058028426	0.0631451727020792	0.0922074087708534	0	0	0.0375451537166241	0	0.0317544323736624	0.293002635852757	0.00511737960447381	0	0	0.00440881601381749	0.0172874371516068	0.0582522235308948	0	0	0.108571539118924	0.022	0.316099884791754	0.958018767351417
EBOVAC.281193.release92.star.	0.0165056266007002	0.0482546603567712	0.0623106910994039	0.0445504406450319	0.106152009956226	0.00626307248295604	0.0609884201052008	0	0.00434431073328644	0.0317633464427111	0	0.0647921571728396	0.34755685164791	0.00420525415323365	0	0	0	0.0569198340641472	0.0216475590531336	0	0	0.123745765486448	0.039	0.224758432403834	1.00945669435875
EBOVAC.282116.release92.star.	0	0.0484183684488489	0.0480062701433487	0.0367574700225562	0.125086688022524	0.0874519867198484	0.0377380216965729	0	0	0.0062688433636772	0	0	0.301242798506924	0	0	0	0	0.0476885912625335	0.00974918365574686	0	0	0.251591778157419	0.00900000000000001	0.405268407001958	0.927753917630667
EBOVAC.282181.release92.star.	0	0.0724168788856731	0.0264257036944854	0.033856873743539	0.211979763373759	0.118413092600403	0.0777521591629256	0	0	0	0	0.0563454751057689	0.210227443064568	0.0122256833774173	0	0	0.00343493060468224	0.0186051953767931	0.0648023882392014	0	0	0.0935144127707832	0.011	0.352664309410489	0.94058948710717
EBOVAC.283128.release92.star.	0	0.0481196548407707	0.0669220943153724	0.0416886603752359	0.0991866004823548	0.15418457571935	0.0656318201021905	0	0	0.0530461028769678	0	0	0.280669112127188	0.00308856781482646	0	0	0	0.047377582557878	0	0	0	0.140085228787865	0.022	0.316962993304059	0.962700663565942
EBOVAC.283169.release92.star.	0	0.0456208370787625	0.0683130658982571	0.0715816845270736	0.138869824747656	0.0818403888151429	0.0750114277104369	0	0	0.0113327212997368	0	0.0585650866582835	0.265604850924564	0.0205059640393539	0	0	0	0.0320403705348474	0.0422124132703073	0	0	0.0885013644955786	0.022	0.319498358242984	0.955655711471017
EBOVAC.284140.release92.star.	0	0.0364803791216212	0.0695492804640721	0.0598328868143351	0.107809135506907	0.0626081852567887	0.0994859144053682	0	0	0	0	0.0454802425023712	0.302683783282259	0.0173090879088115	0	0	0	0.0542810838964307	0.0398423074839155	0	0	0.104637713357119	0.025	0.280380414012364	0.974180268215393
EBOVAC.284157.release92.star.	0	0.0473418706863574	0.0573147321178097	0.0684631232455294	0.120507529565139	0.127249911504133	0.0325998806753959	0	0	0.00843025815096665	0	0.0328625777584469	0.309598315252937	0.0108736492635268	0	0	0	0.0479629436085482	0.0309892109660993	0	0	0.10580599720511	0.024	0.288971345804652	0.974035295657316
EBOVAC.285145.release92.star.	0	0.0313791437002198	0.155118209121169	0.0245851315421867	0.137742087231691	0.0652566059665875	0.0484319328444442	0	0	0.0355288722142516	0	0.0168563923477259	0.239193506641534	0	0	0	0.000509061736426733	0.0184903509222313	0.0325556892813858	0	0	0.194353016450147	0.012	0.347965012111084	0.948834734822498
EBOVAC.285152.release92.star.	0	0.0449964547082457	0.0767390661894792	0.0640972235192939	0.132876892568027	0.100484095089898	0.0527345368049729	0	0	0.0157961756634507	0	0.0264174718791431	0.214421918477659	0	0	0	0.013200165495036	0.0535997514859666	0.0057980922591886	0	0	0.198838155859639	0.022	0.312859687861632	0.966573990452527
EBOVAC.286133.release92.star.	0	0.0421559578839727	0.0768153607002587	0.0956151930422907	0.148682932641865	0.0529189924018437	0.0831225239288172	0	0	0	0.0131146091573605	0.00960388674779495	0.312979100591335	0.00488412567176264	0	0	0	0.0637317488814463	0.00907215470338311	0	0	0.0873034136478695	0.03	0.26389896370196	0.98363599521933
EBOVAC.286164.release92.star.	0	0.0342914964063204	0.0313692766677382	0.0625124857699604	0.0715106549009075	0.0612813778091418	0.0879772160105396	0	0	0.00724626056602102	0	0.0312041062031348	0.352678625074204	0.0249427602287724	0	0	0.0113496920349197	0.0488862554208633	0.0383076014480707	0	0	0.136442191459406	0.0620000000000001	0.168915332928071	1.03633243760987
EBOVAC.287176.release92.star.	0.00257331612043215	0.0487772187349918	0.0495348494055358	0.0643027029742684	0.127355269227151	0.118017757077315	0.0664428131952529	0	0	0	0	0.061964811949787	0.274918227700404	0.0171370139467627	0	0	0	0.0474694067238436	0.0243919277393107	0	0	0.0971146852049447	0.024	0.283650286448417	0.974461167603479
EBOVAC.288188.release92.star.	0	0.0825215214515517	0.0482154981831092	0.0282675755683885	0.121153443719975	0.0899816430887214	0.0598793254882104	0	0	0.0730238896072225	0	0.00554734133921262	0.255795590905174	0.0157103324884359	0	0	0	0.0281772627194668	0	0	0	0.191726575440532	0.00900000000000001	0.383215143125831	0.931647953301989
EBOVAC.289105.release92.star.	0	0.0418218530436086	0.066553892336823	0.0502965095290837	0.0957796639950734	0.0780868887176904	0.0433733421947869	0	0.00017921957294413	0.0267112488299519	0	0.0457297210883034	0.244854727404085	0	0	0	0.0126974487600873	0.0519530742629667	0.00838776587984117	0	0	0.233574644384754	0.021	0.329955302346217	0.963861869946772
EBOVAC.290117.release92.star.	0.00666508666472575	0.0122619317855201	0.0633228195171732	0.106541406184615	0.0975871684746236	0.0365557092816099	0.089122652684319	0	0	0	0.00844125485321614	0.0237255441508678	0.211523528761946	0	0	0	0	0.0551395801163343	0.0413566462356161	0	0	0.247756671289433	0.0570000000000001	0.181116447466622	1.03863553600681
EBOVAC.291129.release92.star.	0	0.0483770305500181	0.0228311512160627	0.0226669704409634	0.101966382134679	0.0724848415583396	0.102523712355971	0	0	0.0425447040765763	0	0.0147985918803826	0.306160018712132	0	0	0	0	0.0427125786604978	0.0434356233836268	0	0	0.179498395030751	0.023	0.307050108829812	0.971051833333349
EBOVAC.292141.release92.star.	0	0.0486899658999073	0.072800617377685	0.0768312801976565	0.0844958362707651	0.103551373125835	0.0757255508114835	0	0	0.011189476281965	0	0.0332195664487185	0.284850239447064	0.0154493989470744	0	0	0	0.0545628315422654	0.0352684718443052	0	0	0.103365391805275	0.01	0.355445880414214	0.938526402656927
EBOVAC.293153.release92.star.	0	0.0278637978485155	0.0601354668426397	0.0527302489939431	0.0696012782967146	0.202167745743338	0.100448963113113	0	0	0.016449902362873	0	0.0556712808813159	0.195101039121008	0.000393869438245712	0	0	0.000422970343288511	0.0525966092045896	0.0124828952669011	0	0	0.153933932543515	0.043	0.212400559811539	1.01160937277418
EBOVAC.294165.release92.star.	0	0.042874402241859	0.024528581021113	0.0470317911541264	0.0894316428154609	0.0863206683898689	0.0866123392238811	0	0	0.0384256918944691	0	0.0417475040069266	0.28747003051954	0.00785350223603086	0	0	0	0.0482427468105889	0.0533101379428041	0	0	0.146150961743331	0.00600000000000001	0.447155832176582	0.893919657780936
EBOVAC.295177.release92.star.	0	0.0442219371602947	0.0670462882742312	0.0497136394007855	0.122474048574115	0.0774189093330819	0.0672571161514857	0	0	0.0222248641215094	0	0.00369181189023764	0.346091736414665	0.01283378910396	0	0	0	0.0503975007478512	0	0	0	0.136628358827783	0.024	0.291752773778809	0.977964472554887
EBOVAC.296189.release92.star.	0	0.0303062993178261	0.0354908608804806	0.0792623436229525	0.0805817306837112	0.0863335103453223	0.116252530870103	0	0	0.00169151009764155	0	0.0438854203374309	0.321604200708532	0.00117764706957022	0	0	0	0.0489476707566048	0.0651160060298104	0	0	0.089350269280015	0.043	0.212712964031817	1.00575053604766
