Mixture	B cells naive	B cells memory	Plasma cells	T cells CD8	T cells CD4 naive	T cells CD4 memory resting	T cells CD4 memory activated	T cells follicular helper	T cells regulatory (Tregs)	T cells gamma delta	NK cells resting	NK cells activated	Monocytes	Macrophages M0	Macrophages M1	Macrophages M2	Dendritic cells resting	Dendritic cells activated	Mast cells resting	Mast cells activated	Eosinophils	Neutrophils	P-value	Correlation	RMSE
EBOVAC.201106.release92.star.	0	0.0297056536549976	0.108633446455548	0.0282893753059748	0.137753367899962	0.1366673313967	0.0300204929115989	0	0	0.00225074849807642	0.00413693930261079	0.0342876992923949	0.30496031011412	0.000456857803684957	0	0	0.00226012699734893	0.0161937423954679	0.0171223415717759	0	0	0.147261566399739	0	0.733288423250125	0.717891450427639
EBOVAC.202118.release92.star.	0.000253128319656349	0.0748586123648851	0.0850790959543566	0.0534745994626216	0.0731009453313502	0.0918790286920163	0.0588917303054563	0	0	0.0163448451024951	0	0.0401379921566434	0.313014744701929	0.0258290220959518	0	0	0	0.0246727528146338	0.0418634266443245	0	0	0.10060007605368	0	0.767186268938427	0.70968181261899
EBOVAC.203130.release92.star.	0.00291947261014684	0.0408389209440567	0.0555622531724412	0.0474999918322433	0.138865748382869	0.108428343921363	0.0654149385086913	0	0	0.0186147961808605	0.0214294780370958	0.0271173305824342	0.27952955412245	0.00911909036414593	0	0	0	0.015988880167764	0.0579552182844272	0	0	0.110715982889011	0	0.832993338479902	0.664176918932793
EBOVAC.204142.release92.star.	0.0115950527232598	0.0369763168491027	0.14742790218162	0.0461057169755952	0.120084380017697	0.107715653498243	0.073713654325924	0	0	0.0269719971377283	0	0.0408286683579623	0.225204055700704	0.00877121740721955	0	0	0.00476744532667536	0.0162348256777688	0.0414476586273611	0	0.00976575926530697	0.0823896959278323	0	0.665445033473928	0.77756761055193
EBOVAC.205154.release92.star.	0	0.0219452564226902	0.0201178061437989	0.0698302356239416	0.140606947948796	0.0877278187024582	0.0904523305215081	0	0	0	0.0116879379724859	0.0173158562005521	0.35615817571907	0.00284792126991592	0	0	0.000193196273162142	0.018702491565019	0.0478731004974279	0	0	0.114540925139174	0	0.86685858610267	0.61920140078128
EBOVAC.206166.release92.star.	0	0.0538101296334558	0.0762387769522875	0.0925596700395926	0.155993033668793	0.0277370452056153	0.0644804178117577	0	0	0	0.0305553309466498	0.0181719540454979	0.253792881634837	0.000261073902045375	0	0	0	0.0442216563866525	0.0440440670388682	0	0	0.138133962733948	0	0.703610997037075	0.749259687767447
EBOVAC.207178.release92.star.	0	0.0408085853020579	0.0769344945083896	0.0598797661707131	0.147637429266192	0.108808845210438	0.0682214235571417	0	0	0.000316740156216687	0	0.0162424009140401	0.257650911421305	0.00190688634376932	0	0	0	0.0155630757802142	0.0395685126177576	0	0	0.166460928751765	0	0.739332723132938	0.717019980286418
EBOVAC.208190.release92.star.	0	0.0535632181897041	0.0463998787934091	0.12548372464331	0.0667263725468715	0.082927963322769	0.0850947703499464	0	0	0.0658027961683341	0	0.0257618628200384	0.246468930226794	0	0	0	0.00183330680570802	0.0187945167976401	0.0476195414032529	0	0	0.133523117932223	0	0.816875294080504	0.668477200815161
EBOVAC.209107.release92.star.	0	0.0522531726584844	0.0463097919963378	0.0535663666160769	0.161275571148031	0.117850722432105	0.0448233264677096	0	0	0.00015587510106627	0	0.052730857799495	0.284179541287061	0.0284889978650909	0	0	0	0.0112669285332764	0.0614657194333033	0	0	0.0856331286619619	0	0.848740606119297	0.654477891355565
EBOVAC.210119.release92.star.	0	0.098131560496341	0.0534595881727194	0.0472983368902449	0.0775608558553183	0.115563750612998	0.0590403890681156	0	0	0.0219264157823717	0	0.0459327917543055	0.253503764192587	0.0122182793740885	0	0	0	0.043004395194088	0.0467174080839608	0	0	0.125642464522861	0	0.791293940526976	0.696130658050779
EBOVAC.211131.release92.star.	0	0.0307626200940067	0.0881867784326859	0.0375933597415802	0.0985968783180189	0.0561704212899436	0.0672871679864882	0	0	0.0180720056592414	0	0.0392884610533277	0.410650798425149	0.00588146846048952	0	0	0	0.0258534422241318	0.0160099717842542	0	0	0.105646626530682	0	0.704679975745303	0.735138881283905
EBOVAC.212143.release92.star.	0	0.0276316399902561	0.0283835758183801	0.133106717966724	0.117524743320976	0.148118408288767	0.0619054468646416	0	0	0	0	0.0381378034440475	0.265212395627209	0.00383656278206691	0	0	0	0.0186989960551314	0.0414791420185981	0	0	0.115964567823203	0	0.849761367823653	0.635881582577466
EBOVAC.213155.release92.star.	0	0.0561366673758527	0.0353725382227677	0.00298049109586254	0.057625272704917	0.0433838222435253	0.052884470435381	0	0	0.0166742877091245	0.0240053354544936	0	0.326019773810019	0	0	0	0.00515599620646705	0.0347292974554763	0.0311616720560089	0	0	0.313870375230104	0	0.827571201307288	0.594852074006411
EBOVAC.214167.release92.star.	0	0.0678347054066117	0.0564861434058667	0.0629434921865384	0.13040837785483	0.0719151389194528	0.0500754220189814	0	0	0.00787632501140501	0	0.0345172770099266	0.242156272035393	0	0	0	0	0.0373540101638128	0.0401407907483115	0	0	0.198292045238871	0	0.700020965226776	0.740850699796273
EBOVAC.215179.release92.star.	0	0.0505950351401555	0.0449707332904671	0.0329503278397315	0.141195906781928	0.0808860958648689	0.0737512955180352	0	0	0.0304182876664667	0.0379315123396118	0.00417534383556384	0.239419704773758	0	0	0	0.0028205773143671	0.0361206034146884	0.037107296377861	0	0	0.187657279842497	0	0.810000035556912	0.666735929634097
EBOVAC.216191.release92.star.	0.0297516843881964	0.0500763460416087	0.0577156889468976	0.0402829053468422	0.129468941788121	0.0499037060993815	0.0628006396502991	0	0.0220740336353332	0.00849653194105327	0	0.0172947529694859	0.324472761852135	0.00420770867298512	0	0	0	0.0331832908098218	0.0459296310006866	0	0	0.124341376857152	0	0.827630354517527	0.660182568802388
EBOVAC.217108.release92.star.	0	0.0286197074082645	0.0908234563965913	0.0360700524326478	0.0755821465132378	0.154322542383527	0.0681465597405453	0	0	0.0403867225145976	0.0210788618457598	0.0243122745602976	0.29803950007046	0.00253572396647984	0	0	0.00426227494856039	0.0105762434213592	0.0252913437159839	0	0	0.119952590081688	0	0.734039230566442	0.724413269874903
EBOVAC.218120.release92.star.	0	0.0419865460702824	0.0325226471168585	0.0546544866992999	0.0634343452673295	0.163967573750176	0.0529802416353766	0	0	0.0223309749298653	0.00480443231752632	0.0249994695940065	0.305012333630071	0	0	0	0.00411273094159949	0.0164509397501674	0.0445223070207463	0	0	0.168220971276695	0	0.81951315851785	0.650914293312077
EBOVAC.219132.release92.star.	0	0.0379477995482987	0.0490423820657244	0.01977359587692	0.214805560931223	0.0829026809553823	0.0905328424133536	0	0	0.00833303673633613	0.0245143038984972	0.00884400511374613	0.272240137874498	0	0	0	0.00221723147241313	0.0174974805929032	0.0445628585984194	0	0	0.126786083922285	0	0.786522722028886	0.690724573361732
EBOVAC.220144.release92.star.	0	0.060905911852775	0.0558421376366887	0.0446051013332926	0.140848242906082	0.0482413985514641	0.0641968731775277	0	0.027912497672242	0.003785864738811	0	0.0258231515269565	0.338785496860664	0.00772355255194645	0	0	0	0.01181486814783	0.0433794400730063	0	0	0.126135462970714	0	0.84370514875438	0.642189478690229
EBOVAC.221156.release92.star.	0	0.0357685286854202	0.0353901078784327	0.0293804749138671	0.157215077250829	0.0797022698631645	0.0606410419950905	0	0	0.0473311073346783	0	0.0307840394181655	0.33913744206028	0.0105208002159303	0	0	0.00209058171277787	0.01767454806601	0.0399660110812311	0	0	0.114397969524123	0	0.847003789190168	0.637467078026291
EBOVAC.222168.release92.star.	0	0.056037048639685	0.0488795029549181	0.0628074618066056	0.125155053231853	0.0884763853253214	0.0359737915532711	0	0	0.0162094997018561	0	0.0229166895043243	0.333733251525067	0.0148301737187241	0	0	0	0.036415466926571	0.0246893208349752	0	0	0.133876354276829	0	0.852496644841656	0.631046257931252
EBOVAC.223180.release92.star.	0	0.0435426344178134	0.0867385118866686	0.0418812982692743	0.221605605266043	0.0919398828731675	0.0599544589324051	0	0.000977214510763942	0.0150111493713094	0.0119119015566267	0.00413094577574111	0.263062625456327	0.0176338517459764	0	0	0.00106043063875296	0.014380190107321	0.028629841716997	0	0	0.0975394574748129	0	0.750044839856594	0.717590084832597
EBOVAC.224192.release92.star.	0	0.0869630917620888	0.0736992322241553	0.0600758733514755	0.08149898294238	0.0568702314098969	0.0360899101705215	0	0	0.040343940824827	0	0.0313783375038313	0.349056159712936	0.0237210401355944	0	0	0	0.0178773613635125	0.0505947695679785	0	0	0.0918310690308025	0	0.764741753428454	0.705691175315061
EBOVAC.225109.release92.star.	0	0.0269091370670059	0.0533699303913663	0.0315690730341526	0.0420623980385305	0.182311082887345	0.0567412047787816	0	0	0.0259203067229173	0.000281793832241947	0.028061483430967	0.312960036399549	0.00747115855692688	0	0	0	0.0174497526552988	0.0529931359951175	0	0	0.1618995062098	0	0.833979035984252	0.643552224591496
EBOVAC.226121.release92.star.	0	0.0679311458781763	0.0233418471650269	0.0400715660827511	0.116378519635765	0.122930514548784	0.0536900853099721	0	0	0.0468985946343135	0	0.0609734851705027	0.243363809232477	0.00327806974063619	0	0.0141851562201185	0.00270095836456882	0.0140154576351238	0.0625488799690817	0	0	0.127691910412703	0	0.839747882758118	0.654238658335311
EBOVAC.227133.release92.star.	0.0061607586634822	0.0678411625954286	0.102795538906655	0.0687757355580953	0.112608188998905	0.119742117922252	0.0948279312510218	0	0	0	0.000366701559332542	0.0557935837561078	0.193912197198277	0.0129516345182236	0	0	0	0.0365916686990587	0.05330446120602	0	0	0.074328319167141	0	0.677383660294985	0.774545024737464
EBOVAC.228145.release92.star.	0	0.0524765532987909	0.212841725126227	0.0204073742246963	0.159985320143077	0.0806651607915514	0.0462264718913811	0	0	0.0159430220452854	0.00860727926419556	0.00397349966086482	0.232301728523269	0.00596901321865078	0	0	0	0.0222884104151126	0.0179541498688756	0	0	0.120360291528023	0	0.621261348637366	0.794794862202714
EBOVAC.229157.release92.star.	0	0.059906110313102	0.0606480010338278	0.0556582738709902	0.163264415025555	0.12815736326676	0.0598873621398818	0	0	0.00396009112304069	0	0.00937245777569961	0.294808010490849	0.0184071880946897	0	0	0	0.0433991913590818	0.0258797356693101	0	0	0.0766517998372125	0	0.844825021216838	0.656869849867837
EBOVAC.230169.release92.star.	0.0173123521067969	0.00565950831072545	0.154484521188038	0.0860355032116327	0.0824736342524935	0.100829937247801	0.0438019330455193	0	0	0	0.043896119501045	0.00127270160500952	0.322744232652241	0.00148166747992518	0	0	0	0.014379833462341	0.0314080926814157	0	0	0.0942199632550156	0	0.733442861531272	0.72659847781455
EBOVAC.231181.release92.star.	0	0.0314607676012153	0.064627988738154	0.0508118363964733	0.16128437719514	0.116384968533737	0.058974141330217	0	0	0.00211296580395428	0	0.0144548270641782	0.315502686104288	0.00355951929486176	0	0	0	0.0120370653543275	0.0328494962088201	0	0	0.135939360374634	0	0.805110624967695	0.666982210653696
EBOVAC.232193.release92.star.	0	0.0449284484087588	0.0343817352277139	0.0631525413093799	0.0824743322429288	0.16798549623495	0.0438470876436437	0	0	0.0221229805487597	0	0.0519074053266488	0.315302519313861	0.00168485936070815	0	0	0.00175767514027465	0.0179047300872297	0.0529462686239287	0	0	0.0996039205312147	0	0.847169883357204	0.643607704444091
EBOVAC.233110.release92.star.	0	0.0480942815606162	0.0581828975755628	0.0534329059594103	0.0657786050229215	0.122199340630889	0.0687986597808866	0	0	0.0246471928014481	0	0.0250313014675153	0.298057918874663	0.00782703556412888	0	0	0	0.017120651606575	0.0474049802989569	0	0	0.163424228856427	0	0.774230061257301	0.691400834806126
EBOVAC.234122.release92.star.	0	0.0734507070347345	0.0526299968860693	0.0475364077358833	0.0941819787426904	0.169999724890138	0.0500382817344363	0	0	0.0183654531606024	0	0.0459036709133065	0.256777455187439	0.0109195873578265	0	0	0	0.0366537248594322	0.0545831013634379	0	0	0.0889599101340041	0	0.799709157009475	0.693550595694593
EBOVAC.235134.release92.star.	0	0.0566514730241149	0.05649834989109	0.0632188797584263	0.152471506130834	0.0839482623326303	0.0613892080101859	0	0	0.018145233092937	0	0.0193660173645692	0.311006211945754	0.00395059733966305	0	0	0	0.0420129163559619	0.0248062329765409	0	0	0.106535111777292	0	0.797520245540147	0.682924455399774
EBOVAC.236146.release92.star.	0	0.0528480215330523	0.0292771278005635	0.0675874489963933	0.0479132354547758	0.125232805934438	0.0409536646123142	0	0	0.00335183304792388	0.0235168289733721	0.047544245291628	0.296103083187563	0.00809005778803209	0	0	0.00302601257878554	0.0137121317829078	0.0478766588229281	0	0	0.192966844195323	0	0.829716800761496	0.637729490726651
EBOVAC.237158.release92.star.	0	0.0492664697733055	0.0298648695588213	0.0258032633226203	0.136800784818038	0.141227262740378	0.0602885581012046	0	0	0.0213119816527013	0	0.03031039543601	0.325848021697948	0.0125213011896488	0	0	0.00268711061651923	0.0190966854016531	0.0537334276244408	0	0	0.0912398680667106	0	0.828749079568825	0.661378705467823
EBOVAC.238170.release92.star.	0	0.040180952498943	0.039884396162444	0.128435436573567	0.057844691947764	0.107854280670449	0.0846447841753417	0	0	0.0641294969098568	0	0.00954429274779147	0.311242886553321	0.0079102286525904	0	0	0.00718205824740468	0.0129395344676182	0.0306502368180499	0	0	0.0975567235748588	0	0.812296668147127	0.668423109027167
EBOVAC.239182.release92.star.	0	0.0736213970901655	0.096083481405106	0.056370575685859	0.110151561264542	0.164342597067518	0.0917782757482335	0	0	0.0132105377174204	0	0.0469836515210661	0.194073258410955	0.0144184443587066	0	0	0	0.0388620086020441	0.0489647133474565	0	0	0.0511394977809274	0	0.582293445028503	0.825423405265935
EBOVAC.240194.release92.star.	0	0.0256420818596694	0.0494444127153288	0.0875965771822253	0.134497099082928	0.0550593079310638	0.075917755861903	0	0	0.0124249473304371	0	0.0189107330972415	0.334220652743294	0.00479105519115004	0	0	0	0.0156816463884154	0.0607536003906605	0	0	0.125060130225683	0	0.793183234703313	0.680641270481353
EBOVAC.241111.release92.star.	0	0.0265124579660905	0.0381689765323635	0.0250243680614549	0.113533848991396	0.0776308113804371	0.0376881000493272	0	0	0.0296367617175018	0	0.0141603076410506	0.403240720231305	0.00837295198877838	0	0	0	0.0169473157812103	0.0511607299442549	0	0	0.15792264971483	0	0.811098336859809	0.643068928403671
EBOVAC.242123.release92.star.	0	0.0556582395243276	0.0578848232557824	0.0808629947320425	0.135697752909235	0.0846905227759653	0.0739599966582533	0	0	0	0.0192920323415026	0.0125234766441629	0.293399149076591	0.0050828079143553	0	0	0	0.0347867513612789	0.0168891302438379	0	0	0.129272322562665	0	0.759097779687639	0.707280452861448
EBOVAC.243135.release92.star.	0	0.0770900060386582	0.0293214390230917	0.0421714101546436	0.116475964970817	0.113211037760372	0.0728494938481248	0	0	0.0535912504622842	0	0.080501648101906	0.232491496658519	0.0075052046648356	0	0.00743387565357797	0.00292848044505334	0.00972065914287646	0.0626899411610287	0	0	0.0920180919142112	0	0.79990098274724	0.686844647918846
EBOVAC.244147.release92.star.	0	0.0446076982516081	0.0498068376355697	0.0345125920218351	0.132572519415789	0.0845330280532989	0.0495317713728404	0	0	0.0379589652589343	0	0.00563240663127548	0.271164424338865	0.00442344432300335	0	0	0.0040413192469465	0.0137053591708131	0.0342710318166847	0	0	0.233238602462536	0	0.825558684900373	0.63110769690333
EBOVAC.245159.release92.star.	0	0.0305211629896029	0.0385827431346461	0.0501922538129801	0.12452467207496	0.0856583894938285	0.0641785361987162	0	0	0.0327865666611393	0	0.0140194097906656	0.328618145215675	0.00685990562629336	0	0	0.00205794609597925	0.0165828617396097	0.0393718873063353	0	0	0.166045519859569	0	0.822753563339871	0.645109990997664
EBOVAC.246171.release92.star.	0	0.0481632709794495	0.0461372627181631	0.0314346180012869	0.0826908650077713	0.182257499108658	0.119487928511316	0	0	0.0219092941182009	0.0307462909003745	0.0477803314274755	0.222952536606438	0.00662386642634198	0	0	0.00423365947059409	0.0101567588602422	0.0501711598320091	0	0	0.0952546580316781	0	0.746010680100857	0.725753970545786
EBOVAC.247183.release92.star.	0.00508687385468629	0.0242301784294406	0.0260344826239706	0.022634000187839	0.13563830046192	0.0550886806411717	0.0608853806247472	0	0	0.0305204380382095	0	0.0146672832437383	0.34098654429825	0.0194895707179817	0	0	0.000521093021502147	0.0104607104465443	0.0434768542384617	0	0	0.210279609171536	0	0.859402130398127	0.595210145948538
EBOVAC.248195.release92.star.	0	0.0688380244120042	0.0603626478542306	0.0710153397613849	0.158956062967999	0.0896793168504115	0.0146952569090999	0	0.0231580999274582	0.0216226152203725	0	0.00341270460294802	0.331327700855429	0.0228159932642422	0	0	0	0.0413838818918873	0	0	0	0.0927323554825332	0	0.81867978448424	0.660111653018601
EBOVAC.249112.release92.star.	0	0.0829548907914885	0.0739599128214693	0.0755058706010934	0.158481755840614	0.04827442463987	0.0154118610753808	0	0.0105564296663054	0.0397087267776461	0	0.0354174073491334	0.293035939908878	0.0352332378868508	0	0	0	0.0306669428693456	0.0267085021936441	0	0	0.0740840975782812	0	0.762290064694871	0.712283327556235
EBOVAC.250124.release92.star.	0	0.0320619067937943	0.0430065623606694	0.075275013961298	0.106862382235527	0.124331324923176	0.0481088047764016	0	0	0.00613795996784131	0	0.0147966871169584	0.271622060033738	0.000308360835912529	0	0	1.28356853914838e-05	0.0244479430831826	0.037292648781103	0	0	0.215735509445006	0	0.794555261349989	0.661433965750573
EBOVAC.251136.release92.star.	0.0072836006728848	0.0160106675190059	0.0340452269653451	0.0181340830043894	0.107931227962395	0.147512366127446	0.0571391236871435	0	0	0.00350538950058587	0.0400031084722721	0.0131760749424786	0.370842730178025	0.00144686156163511	0	0	0	0.0228659653656011	0.0170316327956157	0	0	0.143071941245178	0	0.745975571106917	0.701654290860818
EBOVAC.252148.release92.star.	0	0.0284383409894709	0.0505257328688518	0.0255972507577819	0.137441580641819	0.102118920240508	0.0483486727351435	0	0	0.0353790026119248	0	0.0338248116349709	0.364182067863154	0.00210685772554139	0	0	0.00526132090892739	0.017475377850174	0.0372858001230994	0	0	0.112014263048633	0	0.832333900590388	0.6455131980849
EBOVAC.253160.release92.star.	0.00356566284703468	0.0277054212803118	0.0282048359640541	0.0418263161268818	0.110220519852151	0.102751917399186	0.0929881539193031	0	0	0.00566838557474258	0.060450550676702	0.00125589739089131	0.274378365358921	0	0	0	0.0011015147494733	0.0242769371433161	0.0300983128395691	0	0	0.195507208877462	0	0.83804977926158	0.634988310690513
EBOVAC.254172.release92.star.	0	0.0389800263737698	0.0625643022043835	0.0590194670216599	0.113938078778633	0.0767496144890447	0.0542985696602014	0	0	0.0216808918610462	0	0.0295933537921528	0.325049122528799	0.0155887705223326	0	0	0	0.0434124156535094	0.0262159647538858	0	0	0.132909422360582	0	0.781001948639536	0.689056563849525
EBOVAC.255184.release92.star.	0	0.0657156110111032	0.0611367414746856	0.0769129459218211	0.18556258724894	0.0745753590106399	0.02754854147546	0	0	0	0.0449085729851803	0.00577893945691653	0.229394886617065	0	0	0	0.00430500933116481	0.044071548665971	0.0175890116735476	0	0	0.162500245127506	0	0.815316834125177	0.664551502942365
EBOVAC.256196.release92.star.	0	0.0233880994294707	0.0697764259962217	0.0337763055223333	0.123218788545166	0.174556963931133	0.063642539179739	0	0	0.0138022788342925	0.00650531914609588	0.0156745824884549	0.322288717501846	0.0100402359246566	0	0	0	0.0162512042198666	0.0312457927270425	0	0	0.0958327465536821	0	0.744088216487241	0.717639020354321
EBOVAC.257101.release92.star.	0	0.0319340795203077	0.0335339512934863	0.047662336951202	0.132369085857728	0.0775148268003956	0.0615847305594708	0	0	0.035097773011935	0	0.0075679183293915	0.339067751858717	0.0120409526060956	0	0	0.00180357088142898	0.0121720399326919	0.0341355962242813	0	0	0.173515386172869	0	0.833581331157751	0.630480819043767
EBOVAC.257196.release92.star.	0	0.0400397626054678	0.0718084394182927	0.0445091073423592	0.180081228839145	0.0471764043065204	0.058991915749735	0	0	0.00384503521972318	0	0.0200947661321097	0.228684771546203	0	0	0	0	0.0374153273166974	0.0322781328827815	0	0	0.235075108640966	0	0.675655895983851	0.751986677902331
EBOVAC.258113.release92.star.	0	0.0383721309404621	0.0410142530887651	0.0554598293481307	0.103100410837475	0.152155221608246	0.055804549478282	0	0	0.0148353918744442	0	0.0131823212908766	0.354896937377579	0.00192059823606997	0	0	0	0.017236240399708	0.042825395070528	0	0	0.109196720449433	0	0.80726569278443	0.666480015757726
EBOVAC.258184.release92.star.	0	0.0415436888452663	0.0216496273322918	0.0424551960618278	0.164072280929284	0.0978822112613434	0.0805454150213849	0	0	0.0101205807624879	0.000857076301121963	0.0139299777858189	0.341733993648567	0.0122197505386116	0.00405156912611379	0	0	0.0105598521051924	0.0529249513347941	0	0	0.105453828945894	0	0.865156927503878	0.626662485292456
EBOVAC.259125.release92.star.	0	0.082891936001139	0.048780415438336	0.0489865670415915	0.191575952417853	0.136485661335298	0.0554644916911297	0	0	0	0	0	0.274402481782503	0.0101672738983349	0	0	0	0.0382444596503031	0	0	0	0.113000760743511	0	0.85742238524497	0.631788526853763
EBOVAC.259172.release92.star.	0.00427434715391002	0.0562325954739501	0.0756247428693139	0.0654511872018738	0.142688967065813	0.0562567312117139	0.00696481076625711	0	0.0113310013526537	0.023115131054365	0	0.00706735954461553	0.319201507827127	0.0288115774138444	0	0	0	0.0360614826868389	0	0	0	0.166918558377723	0	0.773436358010147	0.681801871869174
EBOVAC.260137.release92.star.	0.0119944685095147	0.0139301512247732	0.197604900724601	0.0874656611521867	0.188139087639425	0.0240163073424573	0.074819820190114	0	0	0	0.0388799453113824	0.00130147153669425	0.219777285353767	0.00573878797964523	0	0	0	0.0193770111298046	0.0257349471649107	0	0	0.0912201547407244	0	0.604708979543507	0.808327080319958
EBOVAC.260160.release92.star.	0.0061361364451938	0.0543285854667499	0.0516047699881279	0.0342074125712497	0.140816253666358	0.0637199062962259	0.115291545578575	0	0	0.0757082251144935	0.030574362874826	0.00227427290416075	0.193801883880932	0	0	0	0	0.0411942620428962	0.0346907151709913	0	0	0.15565166799922	0	0.798818413561798	0.687925050322657
EBOVAC.261148.release92.star.	0	0.0399302583346333	0.0479114322681427	0.0688253229161832	0.0556827416159052	0.0919944649690962	0.0639896394573583	0	0	0.035842765513105	0	0.0320303004948911	0.310450838338393	0.0116140724517112	0	0	9.58072269423398e-05	0.0150801082928026	0.0457779974384956	0	0	0.18077425068234	0	0.744309991189339	0.705748897266829
EBOVAC.261149.release92.star.	0.00200226174111682	0.0247537309750776	0.0307765842127861	0.038945169999397	0.127887731498284	0.101398389249535	0.0672677777495322	0	0	0.0362115875853807	0	0.00605671859933804	0.296337204545991	0.00778295980336776	0	0	0.00023987782211329	0.0190309556865984	0.0313249833284264	0	0	0.209984067203056	0	0.842594558027591	0.618172251557758
EBOVAC.262136.release92.star.	0	0.0631930833006011	0.0530049358512322	0.036327611718638	0.179413765833022	0.107659182312986	0.0260756271274828	0	0.0105626983040077	0	0	0.0121361531817894	0.276220112821588	0	0	0	0	0.0398924968232732	0.0140893209298624	0	0	0.181425011795517	0	0.879326047977525	0.597904324138502
EBOVAC.262161.release92.star.	0.0047154157980383	0.0591301432438175	0.103180644459313	0.0489455572644628	0.0904443476723291	0.066595122270196	0.0723590899110389	0	0	0.0243854739539347	0	0.0181628684022504	0.278321227995888	0.0110100995886094	0	0	0	0.0449571544747077	0.0237947579791595	0	0	0.153998096986254	0	0.718958014222279	0.734775827557883
EBOVAC.263124.release92.star.	0	0.0462217011440041	0.051696267718803	0.084036605109795	0.15502197351177	0.0870269785829113	0.0731053480182143	0	0	0.0158067249889579	0	0.0159489819634889	0.325090839630875	0.0168774662364192	0	0	0	0.0331371576452515	0.0244445527514132	0	0	0.0715854026980958	0	0.830122968953838	0.663140963902871
EBOVAC.263173.release92.star.	0	0.034378349861151	0.0704998220402592	0.1006229085893	0.071649745267703	0.0915536634163705	0.0997693053870257	0	0	0.0230538884372589	0.0139774625000161	0.0256112745176925	0.268164783332581	0.010790588081256	0	0	0.000939606649675415	0.012816276590549	0.0619556540415819	0	0	0.114216671287579	0	0.690712196080146	0.759234067555658
EBOVAC.264112.release92.star.	0	0.0423019369935024	0.0696343189949929	0.0531112424814074	0.0869349758093325	0.14398422334902	0.0762457534841935	0	0	0.01396341173195	0.014936714290766	0.0183900256099726	0.269633004641059	0.00566339464040416	0	0	0	0.0171168436260679	0.0370609099085057	0	0.0150000874032875	0.136023157035539	0	0.701977199901129	0.747588563809005
EBOVAC.264185.release92.star.	0	0.03125359527493	0.0493569063045733	0.125221207133379	0.00786508480643273	0.136764431246997	0.0745145888222517	0	0	0.0745949364891814	0	0.0367496612127709	0.27890571679417	0.001455618082836	0	0	0	0.0283749205023978	0.0502238137936468	0	0	0.104719519536433	0	0.779366806327308	0.694260084752968
EBOVAC.265102.release92.star.	0.000903826833616693	0.0215666424065194	0.02627360682088	0.0376961391242385	0.120355048166154	0.133031128713814	0.0542863234790564	0	0	0.0216776536804606	0.0231968094381513	0.0331022422243983	0.290020008741483	0.00748510731781871	0	0	0	0.0189061814138368	0.0412910191651457	0	0	0.170208262474426	0	0.832847666008563	0.639275527297357
EBOVAC.265195.release92.star.	0	0.0351309832333258	0.0211500111859458	0.0543079268029547	0.153576872590184	0.0614176281604557	0.0653572436117663	0	0	0.0242136063251335	0	0.0119689391717318	0.339349389053221	0	0	0	1.44863713956562e-05	0.0172255427908132	0.0379409463907125	0	0	0.17834642431236	0	0.843728209104666	0.619413198257692
EBOVAC.266114.release92.star.	0	0.0323081704695387	0.0896324262468161	0.0425261931166722	0.100346962746225	0.0654618562453037	0.0467846965086157	0	0	0.0184064776430646	0	0.0253082651447208	0.358788178989556	0	0	0	0.000890665962772548	0.0177233353383755	0.0353791096487954	0	0	0.166443661939543	0	0.771555876833856	0.682511424048429
EBOVAC.266183.release92.star.	0	0.0412889039731458	0.0557622934771328	0.0282312042297919	0.117643142709627	0.111926557133986	0.0399873033809912	0	0	0.0173423964318098	0.0288042127262345	0	0.21416422989361	0	0	0	0.0030392902870465	0.0354483200026805	0.0187152952574307	0	0	0.287646850496513	0	0.842819360732299	0.606728531880423
EBOVAC.267126.release92.star.	0	0.0319779036217443	0.0846891970259152	0.0523255159546013	0.136990481582514	0.0669161611553959	0.0611699984328995	0	0	0.0291547770379851	0	0.0408580617167731	0.282349691441247	0.00264134098871132	0	0	0.00317431807180292	0.0175921664065267	0.0557448661841851	0	0	0.134415520379699	0	0.76967183366421	0.703102621311858
EBOVAC.267171.release92.star.	0	0.0400580417081286	0.0469131126894169	0.0636737167885159	0.0747179257406749	0.120041228473975	0.0729201552045945	0	0	0.0357614556378692	0	0.0263852413939522	0.307177056922379	0	0	0	0.00111173577934638	0.0185582241249686	0.0412411793918408	0	0	0.151440926144338	0	0.762032054302795	0.698996670580528
EBOVAC.268138.release92.star.	0	0.0480194707233838	0.113550165344024	0.0165137481552799	0.0767644982097712	0.0618499433339183	0.10374499516301	0	0	0.050371191795068	0.000759256556103574	0.0150276532616085	0.243021620894529	0.0033921064172082	0	0	0.00733462414168236	0.0108107008185947	0.0432279889417063	0	0	0.205612036244113	0	0.776834975704975	0.688077326789847
EBOVAC.268159.release92.star.	0	0.0563550637844655	0.0497643671972679	0.0576171392470242	0.148985096568229	0.077844996543674	0.0386934841985284	0	0	0.0136489601744136	0	0.0232031521172791	0.325920459636972	0.016086140980348	0	0	0	0.0364487839068208	0.0174957870611057	0	0	0.137936568583872	0	0.851449438200933	0.630878637040493
EBOVAC.269147.release92.star.	0	0.0793890561598983	0.0674156741865091	0.0808664280358938	0.131049719479535	0.0807777596763191	0.0925763308630344	0	0	0.0151673422558593	0.0117378257590137	0.0244011118643872	0.260387537697568	0.0108211262205247	0	0	0	0.0479184111549245	0.0423604480505684	0	0	0.0551312285959643	0	0.784485745925159	0.711402032561145
EBOVAC.269150.release92.star.	0.0141389242787914	0.0113706192171122	0.0276034381141696	0.0292914516612534	0.171522038385429	0.106658121551711	0.0808023430522809	0	0	0.0138172014990262	0	0.0182727971317369	0.2921033643451	0.00459334432584861	0	0	0	0.0224015148046254	0.0424687811796257	0	0	0.16495606045329	0	0.836452714893237	0.638701875883495
EBOVAC.270135.release92.star.	0	0.0500425921558525	0.0729213259542003	0.0186956382836999	0.154320861782989	0.0925099593420953	0.0831936144760086	0	0	0.0468600532744101	0	0.0135713927159875	0.225789508523748	0.011825831590941	0	0	0	0.0293336072773763	0.0250473027901346	0	0	0.175888311832557	0	0.691917789501452	0.750457464483845
EBOVAC.270162.release92.star.	0	0.0198643874734512	0.0557535712955885	0.0244813599989537	0.160186631883832	0.0504272059215765	0.051958043085917	0	0	0.0303383346444035	0	0.0102201029285121	0.317366854107859	0.000765737541993934	0	0	0	0.0187516407034273	0.0394628878393059	0	0	0.220423242575179	0	0.81241518692075	0.639182404562746
EBOVAC.271123.release92.star.	0.000349685370407094	0.0418478050631823	0.0588076547103881	0.0187268910733262	0.178828137657366	0.0923991416128438	0.107471935716596	0	0	0.0652515876932878	0.0158207388041979	0.0231184568071772	0.214658915775791	0	0	0	0.00894500319252053	0.0410158692099973	0.018133091720191	0	0	0.114625085592728	0	0.792315756399852	0.693395326489289
EBOVAC.271174.release92.star.	0	0.0285711589466615	0.043188946846853	0.0364913704535501	0.139927788374981	0.0753954061418843	0.0522378125021235	0	0	0.031705152582437	0	0.0212324449064053	0.325973186638833	0	0	0.0104477028750467	0	0.0174248448531019	0.0379400263852123	0	0	0.17946415849291	0	0.814349709081162	0.648060417272324
EBOVAC.272111.release92.star.	0	0.0542049734611626	0.0495993818200056	0.0480798058694505	0.213378362512101	0.0929877922479284	0.0720291384051139	0	0	0.00230671491263533	0	0.0250490470296852	0.233380997760542	0.0077086259395496	0	0	0	0.0390639357708276	0.0164583502417771	0	0	0.145752874029221	0	0.850196012071025	0.639766981108476
EBOVAC.272186.release92.star.	0	0.0270886076481261	0.0359052427953904	0.0540681435596712	0.148250228936689	0.126225084321589	0.0639132272871912	0	0	0	0.0057853955837127	0.011035578499787	0.372272161097855	0.00770696415400973	0	0	0.00582666145239819	0.0155032562512206	0.0436112513068229	0	0	0.0828081971055371	0	0.813551493018412	0.664072625277141
EBOVAC.273103.release92.star.	0.000332261260041221	0.022424832963841	0.0468651701739199	0.0529751853306819	0.144279158363169	0.0850687980093652	0.0618070439418467	0	0	0.0356477449189816	0	0.0163767134064085	0.305332317150118	0.00526156749271859	0	0	0.001380226671679	0.0168758209406431	0.0492910937005414	0	0	0.156082065676045	0	0.77578353498529	0.687236773288642
EBOVAC.273194.release92.star.	0	0.0349734736460105	0.0297262731386411	0.109557490934488	0.1523813864125	0.0905794728557351	0.0538573628505753	0	0	0	0	0.0270796118214444	0.33185871693527	0.00573197020926112	0	0	0	0.00862385373218349	0.0426258001553627	0	0	0.113004587308528	0	0.858452153015225	0.624865098680947
EBOVAC.274115.release92.star.	0	0.0426923574331101	0.0590597755602614	0.0191252933213507	0.11158199878866	0.141541529996003	0.0586580386806736	0	0	0.0341519750158243	0	0.0135830496867512	0.275804419485398	0.00304176939144202	0	0	0.00199318543467609	0.0274551117586971	0.0388138584507937	0	0	0.172497636996359	0	0.769720330469324	0.693578470002066
EBOVAC.274182.release92.star.	0.00132523856403011	0.0536803610032795	0.0560738220349668	0.0580596984899514	0.14374372349511	0.171450639144901	0.0711925150509337	0	0	0	0.0196535250672058	0.0291794273083374	0.212531809235464	0	0	0	0.000573070486882681	0.0374446321846038	0.0359522958043666	0	0	0.109139242129967	0	0.777524513827891	0.702025177334411
EBOVAC.275127.release92.star.	0	0.0688272976535326	0.0587186440664201	0.0768711842390924	0.148209471907962	0.106849703446476	0.0141725922186261	0	0.000613030403198588	0	0	0.0236772315586204	0.264869105318248	0	0	0	0.00926050077043942	0.0520139579729693	0.0211021473640621	0	0.00896016347027354	0.145854969610079	0	0.774528570889204	0.694394891956478
EBOVAC.275170.release92.star.	0	0.0527108520565635	0.0549286524666144	0.135404983546413	0.142153000115694	0.104775583897992	0.0365126622168252	0	0	0	0	0.0421893337500632	0.29113386384571	0.0107695362843017	0	0	0	0.0363127019368912	0.0377667504355612	0	0	0.0553420794473705	0	0.855035908377469	0.646720093354626
EBOVAC.276139.release92.star.	0	0.0170048724258139	0.0907668817493782	0.0506234061818808	0.169706495462811	0.0529532773081502	0.0984282721031514	0	0	0.00591123819200758	0.0248824129238366	0.00731173380755952	0.295045101415579	9.49833755681857e-05	0	0	0	0.0194918878755479	0.0358469464158155	0	0	0.131932490762901	0	0.756658057183878	0.711060155284924
EBOVAC.276158.release92.star.	0	0.0643982041930197	0.0690619358767721	0.0584709711508218	0.132499112734218	0.0914580538693785	0.0209881401261071	0	0.0128472889077475	0	0.016984619314841	0.0170196819709266	0.180434573236171	0	0	0.0042977098931563	0	0.0502596108120322	0.027526243181664	0	0	0.253753854733144	0	0.806930636735896	0.654492981056498
EBOVAC.277146.release92.star.	0	0.0756808440026688	0.102481516487047	0.0793896502765874	0.237474615952064	0.0144016455841074	0	0	0.0445284715661988	0	0.044729792591604	0.027423541156226	0.26595611030067	0.0196128445665269	0	0.00613754532345321	0	0.000504641924760402	0	0	0	0.0816787802680866	0	0.774067230312695	0.694900421925907
EBOVAC.277151.release92.star.	0	0.0216804549129808	0.0451864454176037	0.0439879605032993	0.100788266877764	0.124162529833582	0.0560627597275583	0	0	0.0487759586512095	0.0164711914178843	0.0206831973237823	0.309743785041466	0	0	0	0	0.017401207105134	0.0331216361842512	0	0	0.161934607003485	0	0.788828480282512	0.673288238275761
EBOVAC.278134.release92.star.	0	0.053593050086627	0.0221146067987336	0.0742868069041746	0.0434242723482185	0.0952204854964022	0.0596978227551144	0	0	0.00332649724663274	0.0129464752997978	0.044070960510313	0.300889105609237	0.0091879386607942	0	0	0.00220659581269217	0.0151640061700064	0.0514171189356412	0	0	0.212454257365615	0	0.846700742091828	0.617354813002617
EBOVAC.278163.release92.star.	0	0.0426255443640051	0.105554379637357	0.0327289819487066	0.0545384902463844	0	0.0269397939253298	0	0.0169867622245636	0.0318375705478317	0	0.000169353217763337	0.402322762220153	0.0183232947641448	0	0	0	0.0311049031360453	0.034415818692159	0	0	0.202452345075556	0	0.731364636596315	0.698640349182079
EBOVAC.279122.release92.star.	0	0.0448717009286587	0.0583597937279703	0.091485467274471	0.167677620582635	0.043183257952532	0.0867907549913817	0	0	0.00303888550821565	0.00582499758177548	0.00688713486423412	0.288553505762177	0.00858374936168383	0	0	0.00283740024876767	0.0131822155151272	0.0548302693302079	0	0	0.123893246370162	0	0.778834572037071	0.697861965342037
EBOVAC.279175.release92.star.	0	0.0412604597130939	0.0449808656961169	0.0242977611803668	0.10502112186709	0.137747164024123	0.0512946569667333	0	0	0.009345188053189	0	0.0175752444858645	0.324556429988524	0.00138612091133339	0	0	0	0.019914321743871	0.0390733689638568	0	0	0.183547296405838	0	0.797762673266885	0.661533770825183
EBOVAC.280110.release92.star.	0.00908170480931848	0.0318813556357715	0.0509196314650773	0.017060948431727	0.143682144383903	0.0910500718428975	0.0693210537940821	0	0	0.0225756946076196	0	0.0144868722717377	0.301889093070836	0.0151655366961501	0	0	0	0.0201784740926453	0.0455491693387489	0	0	0.167158249559486	0	0.838866258292223	0.640467056380422
EBOVAC.280187.release92.star.	0	0.0591997816140281	0.0680692692744784	0.0587988591343396	0.0724287637288918	0.128921077267343	0.0572415620919135	0	0	0	0	0.0422951929761429	0.34222376487388	0.00862475043168331	0	0	0.000227296614209523	0.0111112822990882	0.0639563988565374	0	0	0.0869020008374639	0	0.757104379065846	0.714249642748543
EBOVAC.281104.release92.star.	0	0.0203562141078494	0.0822824751000831	0.0734158770952446	0.0524691113400753	0.132794337665907	0.0677234382569973	0	0	0.0674218247887311	0	0.0218255917065732	0.323513253597857	0.00131201376187294	0	0	0.00112350563064209	0.0155757086039202	0.0244025281817122	0	0	0.115784120162535	0	0.712760702593795	0.734726228553298
EBOVAC.281193.release92.star.	0.0310451085839253	0.0543029448479101	0.0697413653005027	0.0818351652088566	0.056078013908648	0.0517473471480411	0.0497615752883308	0	0.0270270101063317	0	0	0.0415464419955513	0.324921965821621	0.00287601538190008	0	0	0	0.00608408943506407	0.0556892797817663	0	0	0.147343677191551	0	0.760932504222428	0.700445920899903
EBOVAC.282116.release92.star.	0	0.0292192951564776	0.0439785413911088	0.00925887249621786	0.107851909278259	0.0936689656523967	0.0531722778612301	0	0	0.00830428347053161	0.00273303643344105	0.00811083283364784	0.314890593925344	0.0110221921196857	0	0	0	0.0161942746145445	0.0420193493192563	0	0	0.259575575447859	0	0.801470886598855	0.637968076610014
EBOVAC.282181.release92.star.	0	0.0830214539880107	0.049342875284304	0.0555808306965994	0.20643580707416	0.0873063605418224	0.0928565785961512	0	0	0	0.0485984329278066	0.0141501256989332	0.20231883221044	0.00613119188146525	0	0	0	0.0436192969444431	0.033470026702929	0	0	0.0771681874529349	0	0.830366780222423	0.675581200796439
EBOVAC.283128.release92.star.	0	0.0462448103234189	0.0663285423910272	0.0302407950622992	0.100384153810236	0.141828394421114	0.0635623029503639	0	0	0.0352745636683579	0	0.0169045855885527	0.278843109248124	0.006184173343336	0	0	0.00299699412912602	0.0228508078046908	0.0388443699743931	0	0	0.149512397284959	0	0.738133310209434	0.720471251488946
EBOVAC.283169.release92.star.	0.0151937902148405	0.0498803994734846	0.0610740393282311	0.0714357792081835	0.0527763288568759	0.183098682646834	0.0363135738630957	0	0.0155646358266801	0	0.0368870795402875	0.0119838119693852	0.318621062666899	0.00966775169569891	0	0	0	0.0199208266877991	0.0208957636783095	0	0	0.0966864743433954	0	0.772889247277793	0.698578045257075
EBOVAC.284140.release92.star.	0	0.0525511155390256	0.0667524485094459	0.0538760242835559	0.0899573651356055	0.111513873626888	0.0769575395509495	0	0	0.00771475405319442	0	0.0240662515589046	0.3201844472275	0.00673484627900507	0	0	0.00528672450268934	0.0149994423163776	0.0543168119407616	0	0	0.115088355476096	0	0.709518273164492	0.743344629217265
EBOVAC.284157.release92.star.	0	0.0316040983189402	0.0594863028446303	0.0580196583654866	0.167544288343482	0.0722105941820446	0.0717387414119451	0	0	0.0456372558432591	0	0.0167308459906294	0.266196756559294	0.0145300125935854	0.000468429319258349	0	0.00143535155104275	0.00926210280459165	0.0405747794425246	0	0	0.144560782429287	0	0.780925254594081	0.690242106490492
EBOVAC.285145.release92.star.	0	0.0302692374395015	0.140751431204916	0.0257561104294152	0.16622623044003	0.0422004954374938	0.0605357884272586	0	0	0.0477795494663369	0	0	0.269439307314295	0	0	0	0	0.0141901882242438	0.0286512524655924	0	0	0.174200409150916	0	0.776246584701423	0.687524591015337
EBOVAC.285152.release92.star.	0.00466924576895587	0.0388408147249941	0.0779941392988959	0.060977461098688	0.143767110646903	0.0713195041220229	0.0512769869946683	0	0.00853576160459144	0.0291740037558285	0	0.0338087820278864	0.211109029577658	0.00479916369964674	0	0	1.82637125407998e-05	0.0469573888113552	0.037999864506449	0	0	0.178752479648916	0	0.707640804891518	0.741377075777398
EBOVAC.286133.release92.star.	0	0.0497366016053724	0.0743344620062451	0.0939078690950111	0.186065330266963	0.050515750997544	0.0798458397048319	0	0	0	0.0318678588532937	0.00379846649054387	0.280482721835994	0.000684594019432083	0	0	0	0.0368685822878357	0.0344695134066477	0	0	0.0774224094302854	0	0.744523862986781	0.726987159167453
EBOVAC.286164.release92.star.	0	0.0399870572215663	0.0312884780706374	0.0514077866810232	0.0551634583310868	0.120166042249426	0.0418392868218797	0	0	0.00607463043502534	0.0138874249773865	0.0317155684737945	0.341512495049009	0.0063838548480681	0	0	0	0.0161403853108654	0.0496108561389065	0	0	0.194822675391325	0	0.834994796181637	0.625119913232562
EBOVAC.287176.release92.star.	0	0.0653916032087365	0.0466188084379785	0.0452889827978112	0.10490641655117	0.109734002392307	0.0689481548988753	0	0	0	0.00119259940107564	0.0572136801182561	0.282626431060046	0.00439287587450803	0	0	0.00526962791975147	0.0201608046695204	0.0700980308588996	0	0.00169013438407935	0.116467847426986	0	0.76794475488036	0.709834725594643
EBOVAC.288188.release92.star.	0.00383466273360364	0.0264134557788035	0.0445997745861519	0.0298486181887193	0.0991847904712509	0.12196871017959	0.0483197428530587	0	0	0.039536553262465	0	0.00839713766865889	0.313985591511138	0.0233552914447531	0	0	0	0.0207896994811704	0.0200556652313833	0	0	0.199710306609253	0	0.801978867369716	0.653074756755731
EBOVAC.289105.release92.star.	0.00753270314145949	0.0490024174200507	0.0558621214400085	0.0551686069818085	0.117143266560505	0.0783404886348193	0.0617187333755474	0	0.00104545276575552	0.0263002565140243	0	0.00821628130923961	0.247284606233272	0.00441687870128613	0	0	0.0154993945556689	0.0427248298585863	0.0105555032942816	0	0	0.219188459213687	0	0.810027970384719	0.654423021744213
EBOVAC.290117.release92.star.	0.00742743358810991	0.0152003590803463	0.0453549380653376	0.0950860835999367	0.053573983267541	0.0656500786621426	0.0863616015283914	0	0	0.00463809679315739	0.0423127226166665	0.00586350991515859	0.240823924051122	0.00408179548277596	0	0	0	0.0175545197305812	0.0477157758006493	0	0	0.268355177818083	0	0.763136488587285	0.6805369248872
EBOVAC.291129.release92.star.	0	0.0191640440470191	0.0183074655383182	0.0169126336698684	0.104074363044697	0.104585864390783	0.0481921327269538	0	0	0.0299109005109712	0.0279699816271199	0.0153804959664377	0.371230068330034	0.00744112507448812	0	0	0.00127637913393251	0.015324459995846	0.0226763814061242	0	0	0.197553704537407	0	0.876013544450192	0.574113215455871
EBOVAC.292141.release92.star.	0	0.0314547098834556	0.0697943420778305	0.0588110510048397	0.0676918255939973	0.106164320916817	0.0682124853771698	0	0	0.0348263973818708	0	0.0581145419989958	0.288785911009558	0.00183540550004428	0	0	0	0.0168013687681548	0.0729399636516934	0	0	0.124567676835573	0	0.756377164197503	0.713144712985053
EBOVAC.293153.release92.star.	0	0.0610098046577852	0.0483872125285054	0.0360805530623729	0.101100043142637	0.131879609209539	0.0765110635441489	0	0	0.0447461998945007	0	0.0398315303277221	0.225806335344698	0.00543987016365195	0	0	0.0035619984286276	0.0185669015422147	0.0578253734459742	0	0	0.149253504707622	0	0.772377510502945	0.703196209939606
EBOVAC.294165.release92.star.	0	0.0311298153548936	0.0199189067592758	0.0319745804538913	0.0428944714857933	0.176676674136849	0.0571638141797718	0	0	0.0337826455906088	0	0.0371997730392491	0.331333490911574	0.00868467333253715	0	0	0	0.0171701266164814	0.062626740927688	0	0	0.149444287211386	0	0.867657298790041	0.613659013856958
EBOVAC.295177.release92.star.	0.00983828676068234	0.0177513555675898	0.0446966316266	0.0196617417733762	0.123771148968872	0.149083749607678	0.0374266662185121	0	0	0.0124349641148687	0.0216204700020364	0.0138027258954788	0.344808903854342	0.000212618815175215	0	0	0	0.0176080066955698	0.0144847849254261	0	0	0.172797945173793	0	0.731182384651904	0.709058799641574
EBOVAC.296189.release92.star.	0	0.0294680208055655	0.0278275851218945	0.0972555048843422	0.0435311721424194	0.0996047637251955	0.0839813610147012	0	0	0.0070998261360444	0.0191986036076712	0.0267846387647062	0.341535105115802	0.0192639349635496	0	0	0.00353620901165777	0.0183051938274743	0.0557359452222025	0	0	0.126872135656774	0	0.818448533119351	0.661094596096863
